0,37
0 8 13 33 45 47 50 53 57 64 67 75 80 96 105 121 127 130 132 144 150 176 185 187 191 212 224 225 232 244 248 251 253 258 276 277 284 
1,33
3 18 20 21 22 23 25 27 32 38 46 47 48 49 55 69 71 74 98 111 116 122 135 139 142 187 203 233 237 240 250 257 259 
2,38
5 8 18 21 38 40 45 57 67 94 102 106 114 116 126 127 136 140 141 144 150 153 177 181 186 189 191 193 213 217 227 233 235 248 252 273 278 279 
3,21
25 40 45 56 60 88 89 112 116 118 157 168 170 173 198 217 241 262 267 268 294 
4,36
18 19 22 30 33 49 64 71 79 87 89 97 104 108 112 113 119 132 145 155 163 166 172 176 180 184 191 210 217 225 226 229 241 257 288 299 
5,30
0 35 49 64 85 94 115 129 139 142 171 173 185 186 198 199 204 206 210 216 217 224 226 233 243 249 267 289 296 298 
6,28
1 16 22 42 60 62 72 95 120 128 141 143 146 147 148 164 170 178 180 183 187 190 216 238 243 250 256 288 
7,29
6 10 45 50 62 81 86 109 114 115 116 148 151 160 168 175 183 184 188 189 203 216 240 242 244 247 250 254 276 
8,36
2 13 41 66 70 88 101 104 114 115 120 121 126 134 135 138 165 172 185 191 199 203 218 219 224 226 230 234 248 253 265 266 269 275 278 292 
9,35
12 22 23 30 35 36 44 71 92 93 114 119 129 134 141 147 164 176 179 197 199 203 216 221 240 242 246 249 260 266 273 284 286 290 299 
10,22
3 12 17 27 53 61 84 106 123 136 177 181 183 185 213 231 237 257 265 272 279 288 
11,28
8 11 14 16 30 34 41 57 65 83 86 88 92 93 124 127 134 153 154 165 214 227 235 239 244 256 276 295 
12,26
10 11 35 61 74 77 79 93 97 110 112 118 130 132 133 146 147 191 194 229 231 240 251 259 266 298 
13,45
6 12 17 23 28 29 36 41 46 49 55 60 65 75 79 100 103 125 131 132 133 137 140 155 158 164 168 169 174 196 197 214 217 235 238 242 253 260 262 279 284 285 294 295 296 
14,37
4 8 14 24 31 33 35 36 40 54 65 73 86 95 97 127 129 142 179 183 219 220 221 224 231 233 234 252 253 260 263 264 267 283 284 291 298 
15,30
2 8 14 21 56 63 66 69 70 79 93 100 117 143 144 146 147 189 190 191 193 200 205 211 256 257 269 270 278 297 
16,28
49 53 62 69 77 78 80 93 124 136 145 148 161 167 169 185 208 231 233 244 250 254 260 270 274 279 281 293 
17,21
11 14 17 65 76 85 104 110 134 153 161 197 199 200 227 231 237 239 244 267 296 
18,20
23 26 39 69 83 119 136 142 153 168 172 173 175 215 230 240 242 244 266 285 
19,23
27 30 34 45 49 54 59 66 84 85 91 107 116 144 159 181 193 198 200 211 228 261 292 
20,20
39 44 49 67 76 78 92 93 95 98 127 145 166 179 219 242 250 257 269 275 
21,38
7 9 11 28 50 55 63 68 80 100 113 119 121 124 132 133 150 155 159 161 162 165 176 183 185 209 214 215 225 229 238 249 251 276 285 288 291 298 
22,31
7 15 42 47 63 91 98 108 112 113 122 128 133 138 139 147 150 152 172 173 175 193 195 197 227 239 249 268 270 279 296 
23,25
38 40 46 50 67 73 79 95 103 110 111 122 123 138 152 159 164 166 200 236 246 247 251 278 295 
24,31
13 19 21 30 47 57 82 89 92 145 147 159 164 176 177 184 189 190 194 200 204 210 222 226 232 250 253 256 261 267 268 
25,27
8 17 24 43 63 92 94 101 108 117 141 153 166 177 179 183 184 197 207 208 229 232 241 246 262 284 297 
26,30
18 19 21 33 35 41 61 65 67 102 104 108 116 128 132 138 141 147 159 180 193 196 200 203 211 228 243 273 282 296 
27,28
4 26 33 60 80 84 94 98 105 114 116 119 120 133 134 165 176 177 179 201 215 219 220 225 237 252 256 297 
28,22
30 40 45 64 81 85 91 104 121 129 134 145 153 165 167 212 216 229 240 242 251 287 
29,24
28 36 48 58 65 75 78 92 97 109 120 122 124 126 139 142 150 175 179 189 206 219 250 253 
30,26
1 19 55 57 58 60 86 95 101 114 133 144 146 152 169 187 196 205 222 243 257 266 279 280 283 285 
31,26
11 30 34 50 54 63 104 108 109 117 130 146 160 164 167 175 224 240 255 259 268 277 280 283 291 293 
32,26
42 44 66 84 88 91 99 102 110 138 142 144 181 183 205 206 216 233 244 246 253 263 277 280 288 298 
33,37
3 4 9 11 28 39 47 52 58 76 93 95 100 112 122 129 130 144 148 154 163 192 194 201 214 216 229 234 237 250 251 255 256 259 261 268 297 
34,40
0 2 3 11 15 22 26 29 36 48 54 70 75 79 102 112 115 119 142 149 161 167 169 182 194 199 210 212 226 227 236 240 245 260 267 269 275 277 282 286 
35,38
11 13 17 41 54 78 83 84 85 86 87 96 103 112 132 150 158 165 175 183 186 194 201 203 213 215 226 230 252 256 261 263 279 280 284 286 287 291 
36,25
24 50 56 57 69 99 126 130 137 143 149 150 158 185 193 194 229 230 235 236 245 269 281 290 296 
37,30
2 24 28 47 55 74 82 96 102 105 113 120 125 135 137 158 162 166 168 181 189 209 213 221 233 236 258 271 294 296 
38,28
12 22 32 36 44 46 57 69 90 127 129 134 144 152 199 209 210 212 216 246 251 256 258 259 260 272 276 286 
39,27
11 18 32 45 56 65 78 79 86 102 106 112 120 149 161 162 174 209 213 227 242 251 252 262 280 286 297 
40,30
2 33 40 49 57 66 74 88 89 96 105 108 111 114 129 131 138 154 157 176 181 195 198 235 236 248 264 270 286 292 
41,37
2 13 36 38 43 44 61 65 66 69 87 91 126 131 137 140 154 155 158 163 166 192 202 209 217 227 230 245 247 257 258 263 267 274 283 291 292 
42,44
0 8 17 18 22 24 25 34 38 45 48 49 54 63 77 79 84 85 87 94 102 104 108 117 122 123 132 148 154 171 184 197 207 210 212 228 232 253 260 261 262 282 289 299 
43,29
0 16 27 31 34 36 42 50 53 54 69 70 102 108 141 145 172 181 182 185 189 194 209 242 251 266 269 276 294 
44,26
5 29 37 38 41 56 91 95 101 129 142 164 180 188 189 199 208 218 220 221 226 250 258 283 286 299 
45,30
1 10 13 35 46 48 51 59 66 68 75 76 98 100 122 133 151 169 176 177 178 197 199 203 208 225 242 245 264 291 
46,30
5 7 32 40 62 65 66 97 107 113 131 144 150 152 167 182 184 187 195 199 209 237 238 248 250 261 276 280 283 284 
47,25
0 30 31 55 62 67 73 95 112 136 144 149 185 222 234 246 247 267 268 269 277 281 286 294 297 
48,34
25 27 32 36 58 74 87 102 115 118 121 122 124 132 141 159 161 166 169 183 184 203 208 218 219 222 235 243 261 271 272 276 288 296 
49,34
5 16 17 21 27 35 40 41 55 61 79 82 94 98 103 104 120 131 154 155 156 162 176 189 208 217 219 242 246 261 286 288 292 299 
50,34
2 13 15 24 37 57 59 60 72 83 84 85 95 103 122 125 128 148 154 163 165 168 174 190 193 194 195 197 211 232 247 254 296 299 
51,36
7 30 34 50 53 57 64 69 70 71 77 78 89 95 113 120 141 148 150 166 197 198 199 201 214 215 222 230 233 244 257 267 270 273 279 290 
52,28
0 9 20 23 29 37 39 52 60 67 106 115 131 138 140 157 160 162 179 182 204 209 221 258 273 279 283 288 
53,33
1 18 19 22 27 35 37 41 46 93 99 101 104 106 127 137 149 152 162 173 182 189 193 194 196 212 224 236 254 264 268 274 293 
54,32
6 10 11 25 34 35 44 53 64 76 102 120 127 130 138 142 149 166 174 177 187 192 197 201 237 255 270 277 284 287 289 296 
55,34
1 15 42 60 87 100 124 126 129 133 140 148 151 160 163 171 189 194 201 202 204 205 207 212 218 243 254 266 273 276 280 283 293 297 
56,28
5 17 35 43 67 83 89 90 91 101 105 110 114 116 133 137 151 155 168 177 185 223 228 232 233 243 271 282 
57,38
3 14 20 23 40 75 81 91 97 105 110 111 120 132 134 136 150 155 158 161 165 166 167 172 177 178 179 192 222 232 236 257 259 263 276 279 288 299 
58,27
0 32 59 81 88 90 98 108 113 115 136 141 153 154 158 174 193 195 208 215 238 239 253 285 286 292 293 
59,28
22 23 37 54 58 60 81 92 98 101 115 125 130 140 181 188 219 220 224 225 226 232 238 239 243 273 274 279 
60,40
1 9 15 17 19 20 23 42 53 70 82 83 88 102 108 111 116 121 123 138 142 167 177 198 202 210 212 221 223 234 240 244 255 256 257 269 270 275 285 298 
61,30
8 9 12 14 16 23 48 57 65 68 76 81 107 137 138 148 166 174 175 177 185 198 216 225 241 243 248 264 269 297 
62,22
3 10 42 54 57 60 78 133 137 145 162 165 171 176 180 199 235 254 260 274 293 297 
63,29
9 21 23 28 40 41 50 51 53 62 79 88 119 122 129 163 172 184 212 214 216 217 218 227 238 260 263 295 299 
64,20
19 44 81 122 163 196 204 205 212 216 224 230 235 238 260 270 276 277 278 295 
65,21
8 10 12 30 36 63 107 129 147 158 165 167 174 183 205 227 241 274 277 291 293 
66,37
1 5 9 13 19 22 24 35 48 60 61 71 87 88 89 103 105 114 117 141 144 158 163 165 189 203 207 214 221 226 236 241 243 263 277 280 281 
67,35
4 8 12 20 23 32 39 42 52 55 66 79 117 118 126 127 133 154 159 166 173 184 186 189 193 204 214 221 240 248 268 279 284 287 292 
68,26
3 10 12 17 23 43 45 47 50 55 82 97 100 109 115 118 124 140 152 184 201 204 234 247 252 294 
69,31
15 34 35 43 45 50 53 55 68 81 82 114 120 123 159 160 179 196 200 203 211 215 221 230 231 258 270 278 285 289 293 
70,32
11 15 32 64 67 81 85 94 115 121 126 131 139 151 168 174 181 186 189 190 194 196 209 212 218 227 241 260 263 280 285 289 
71,39
10 11 13 16 18 22 25 31 33 39 41 43 44 47 58 75 81 82 83 94 99 100 106 107 115 118 139 163 179 188 209 227 229 233 247 271 278 291 292 
72,36
0 4 12 15 27 33 43 45 47 53 55 68 72 97 98 99 112 129 144 146 153 166 168 192 211 213 219 250 252 258 262 268 289 291 292 297 
73,43
6 7 30 36 48 49 50 55 62 64 66 71 82 83 88 106 107 120 122 129 134 143 146 160 163 172 174 178 184 189 211 223 245 248 257 261 265 271 275 277 284 289 298 
74,32
26 53 70 96 107 108 134 143 145 159 168 169 171 179 182 201 203 204 205 206 212 222 226 230 244 257 264 268 271 286 288 290 
75,25
12 48 65 73 81 107 113 132 158 170 207 221 230 240 247 250 252 253 264 268 270 271 282 293 298 
76,27
10 24 46 50 60 63 71 74 94 102 118 133 142 147 151 160 164 170 181 184 186 203 215 218 230 248 265 
77,25
0 13 23 27 34 39 42 74 79 85 89 102 117 118 142 159 184 202 211 227 257 274 285 292 298 
78,30
5 7 15 20 27 33 60 69 81 91 93 102 107 114 116 123 138 139 144 146 150 159 169 179 181 203 221 230 294 296 
79,28
15 18 20 23 27 29 52 81 112 117 124 127 128 130 142 144 153 169 170 189 193 234 251 259 268 272 276 290 
80,34
2 8 15 16 25 31 62 64 66 68 72 86 89 91 97 113 136 154 173 195 213 219 233 244 254 263 274 275 280 284 292 294 298 299 
81,27
2 8 9 35 51 57 63 70 84 91 99 104 130 137 166 168 187 188 203 212 231 252 254 261 279 295 298 
82,30
14 29 30 61 66 83 101 103 113 119 134 137 139 161 162 181 183 189 207 211 216 217 218 222 238 247 253 271 286 296 
83,33
1 12 43 50 52 71 73 86 92 96 99 101 116 118 130 131 139 145 155 173 192 200 209 210 211 218 221 229 233 267 269 271 284 
84,24
38 43 54 69 78 99 142 172 180 187 192 195 203 238 240 243 245 258 261 268 283 287 289 293 
85,27
1 7 14 19 52 54 81 88 97 100 105 111 116 139 154 164 194 196 203 212 214 223 237 238 240 263 276 
86,29
2 5 14 19 22 24 46 51 66 76 101 130 134 139 146 152 162 178 204 219 220 228 229 231 243 248 260 267 287 
87,31
3 13 24 27 34 52 82 89 92 95 107 108 112 151 156 165 166 175 189 192 194 196 205 206 260 268 269 274 276 287 297 
88,35
2 20 31 36 37 38 47 49 56 83 85 93 96 104 137 138 141 152 155 160 161 166 184 197 207 211 225 236 250 253 260 262 280 285 293 
89,26
27 31 33 44 63 66 72 78 80 97 106 107 128 136 138 148 149 151 179 186 192 234 245 258 268 275 
90,28
22 24 31 35 39 42 46 56 58 77 80 84 98 99 101 137 158 160 163 166 168 200 228 239 246 282 285 291 
91,34
18 24 32 43 50 62 63 73 75 78 101 117 118 123 126 129 135 141 153 167 173 177 181 191 210 234 251 265 272 284 287 290 291 294 
92,27
16 18 19 34 39 60 77 80 84 95 98 129 130 135 168 172 174 186 196 204 218 221 242 245 248 257 263 
93,25
7 16 34 43 59 93 99 131 132 136 142 157 158 177 180 181 182 215 235 241 267 278 291 292 298 
94,37
12 21 29 47 51 54 60 63 81 87 116 123 126 130 132 150 158 165 175 186 189 198 206 209 219 233 237 244 253 255 265 266 272 288 292 293 294 
95,41
2 3 16 17 30 33 47 50 63 65 66 69 73 74 81 91 99 130 131 145 151 154 170 172 191 195 196 201 207 213 225 238 249 269 270 273 275 280 286 291 298 
96,34
8 18 24 36 48 52 53 58 62 66 72 96 102 106 120 126 131 153 172 182 184 190 192 207 217 224 227 228 235 250 251 273 274 287 
97,41
11 16 22 26 27 34 39 53 59 60 70 74 84 87 89 122 123 124 129 130 135 152 154 175 178 191 196 197 201 209 210 220 247 263 265 267 273 274 279 283 290 
98,34
2 16 30 31 34 43 55 70 101 103 104 108 117 136 138 148 175 176 178 191 199 208 222 238 247 256 258 265 271 278 279 282 286 289 
99,31
9 10 11 15 17 24 38 44 63 89 91 104 110 132 135 141 149 169 190 196 205 216 218 225 247 260 270 271 278 280 289 
100,37
3 5 12 15 33 60 63 68 72 73 74 93 103 106 115 121 126 140 171 195 203 211 215 223 225 231 235 241 243 245 252 257 262 267 272 279 293 
101,32
3 6 12 32 43 47 51 64 118 122 123 136 143 148 152 156 158 163 165 172 187 191 197 199 207 225 236 267 273 284 291 294 
102,40
0 2 16 21 24 25 36 43 51 58 62 65 86 90 92 94 102 105 109 137 139 143 156 175 176 177 183 216 219 226 227 252 263 270 271 274 280 282 283 289 
103,28
17 23 41 47 60 78 80 91 101 123 134 166 178 181 183 192 198 219 220 222 228 236 238 259 260 282 294 298 
104,30
0 5 7 8 42 43 47 48 60 71 73 78 79 81 142 158 160 178 186 187 195 216 217 231 232 241 242 252 253 279 
105,24
16 20 27 30 42 44 60 63 92 96 166 168 178 200 204 227 230 258 259 262 280 282 289 297 
106,29
6 15 16 18 21 29 35 38 49 50 79 83 86 92 96 114 116 139 147 160 162 173 182 189 207 238 243 249 279 
107,30
2 4 6 8 15 35 39 47 64 74 85 100 104 113 135 141 152 155 157 164 189 191 194 221 224 229 245 250 256 288 
108,25
14 26 30 43 47 62 68 88 107 122 130 145 175 179 187 195 199 201 203 206 215 281 288 295 298 
109,34
3 13 22 27 32 35 42 59 60 62 75 80 88 119 130 138 143 147 149 161 177 186 201 204 209 222 227 241 257 263 278 281 288 295 
110,33
4 6 9 14 15 18 19 27 38 42 46 52 75 95 99 104 110 135 138 143 154 182 202 214 215 221 229 234 270 271 279 284 288 
111,27
20 21 28 31 39 49 62 71 80 86 89 97 99 107 119 138 149 203 209 217 223 227 232 242 254 260 292 
112,27
15 34 72 73 79 86 97 104 118 124 131 132 140 145 152 166 173 179 182 191 198 200 213 221 240 257 278 
113,38
2 4 8 12 21 27 28 36 37 38 39 77 78 84 108 129 130 135 140 154 159 171 174 177 180 190 200 230 240 249 250 261 263 273 275 278 279 290 
114,31
3 5 6 29 33 67 74 85 89 109 110 116 149 163 173 175 178 187 190 193 209 219 237 259 265 274 285 286 291 297 298 
115,32
7 8 15 31 34 35 53 70 73 76 78 79 93 94 105 113 114 122 136 138 171 183 192 206 234 266 270 271 283 292 296 298 
116,23
9 20 40 55 73 88 92 108 127 131 140 166 173 189 224 228 240 259 261 266 282 284 299 
117,32
34 41 43 51 61 65 72 91 96 130 132 140 144 147 151 154 158 162 175 192 205 214 218 227 237 239 243 246 259 276 281 298 
118,30
2 5 14 22 41 46 51 62 65 77 82 91 106 138 139 156 157 161 172 179 204 210 215 216 224 228 264 281 287 293 
119,38
42 54 59 65 85 103 107 109 116 120 127 132 135 137 140 142 145 167 171 183 191 198 199 201 218 222 225 227 244 245 250 265 268 276 279 281 290 297 
120,35
5 8 11 12 36 45 66 68 71 91 103 104 112 116 121 123 137 158 159 176 178 184 195 198 199 225 238 249 252 254 256 277 279 284 295 
121,38
0 18 31 38 42 51 55 81 84 86 90 105 114 118 139 140 157 160 164 172 182 193 195 200 215 221 224 236 238 258 265 272 276 279 281 282 284 298 
122,28
15 17 25 31 47 49 50 53 57 58 63 86 107 112 115 120 163 200 202 208 232 241 267 272 289 292 297 299 
123,21
5 41 55 56 59 67 73 74 89 90 96 106 115 152 216 218 229 235 242 247 285 
124,31
12 24 46 49 53 54 77 78 83 85 86 96 101 103 113 121 137 169 170 178 192 208 232 245 259 264 271 282 288 293 297 
125,29
31 32 40 64 67 69 81 91 98 104 107 108 114 133 137 138 139 160 163 180 181 182 192 195 205 233 235 254 264 
126,30
12 19 37 56 84 105 114 121 124 126 133 144 145 146 154 162 168 171 186 191 201 214 223 231 238 246 263 265 274 289 
127,34
15 22 37 62 80 81 96 109 110 120 121 128 135 145 158 165 166 168 174 198 211 212 218 222 225 228 240 243 249 256 264 276 284 293 
128,32
2 4 40 58 62 78 80 109 112 113 120 121 127 132 138 139 146 153 154 157 181 191 198 199 210 212 218 227 232 258 288 295 
129,24
6 27 45 51 82 84 87 92 107 110 116 180 184 188 206 217 244 251 261 262 267 272 287 293 
130,28
4 15 17 21 25 59 72 74 110 129 149 203 211 213 218 219 223 238 239 240 243 273 277 285 288 295 297 298 
131,35
6 33 41 47 56 73 79 82 84 107 111 115 119 142 147 151 154 161 162 169 175 176 192 194 196 206 207 247 250 263 264 272 280 281 283 
132,46
7 16 29 39 48 56 58 73 79 80 82 85 88 91 92 96 97 133 134 146 151 162 177 178 179 182 198 210 213 214 215 216 228 240 242 244 250 252 257 274 275 290 292 296 297 299 
133,25
0 24 34 45 56 74 84 94 100 118 128 135 150 180 185 186 190 222 223 235 239 260 285 288 294 
134,27
0 3 10 43 45 48 60 70 71 73 76 84 94 123 134 156 166 185 205 214 218 230 270 280 282 287 289 
135,33
15 17 19 35 43 52 68 69 80 81 85 92 96 116 117 119 121 126 128 132 135 139 174 192 196 200 216 223 232 237 248 258 262 
136,23
2 8 44 48 51 72 80 85 95 129 165 170 188 229 232 235 244 254 260 276 280 284 295 
137,26
10 11 22 36 37 72 83 86 89 101 128 150 151 177 198 209 224 231 240 246 255 263 266 280 294 296 
138,34
14 24 29 31 45 47 49 50 53 92 93 108 109 138 140 144 148 172 176 185 193 209 223 226 227 231 236 238 256 261 263 266 268 285 
139,30
3 6 8 16 17 44 48 57 59 63 74 78 85 88 91 123 131 146 147 158 189 196 200 214 222 229 231 244 245 290 
140,30
11 30 36 37 86 97 111 119 129 143 153 158 173 178 197 201 206 207 214 231 242 249 251 256 260 263 273 275 280 284 
141,28
11 26 35 36 53 61 65 83 94 96 102 107 115 125 127 130 145 163 165 180 194 196 227 228 237 244 284 297 
142,24
11 21 23 35 66 82 88 102 115 132 155 164 186 202 211 213 221 226 235 246 254 278 279 298 
143,28
7 23 24 33 36 39 42 46 47 52 67 76 79 80 97 109 131 145 153 161 164 181 186 208 245 261 275 299 
144,24
5 10 29 37 63 64 67 72 102 116 126 134 154 159 161 177 196 197 215 229 277 280 290 292 
145,32
11 13 32 42 47 48 84 115 118 126 131 139 153 154 170 186 190 199 204 208 210 218 221 222 234 236 242 243 246 253 262 296 
146,25
7 41 61 69 70 79 86 94 97 113 138 153 164 165 175 183 201 214 246 256 260 261 278 289 294 
147,30
0 12 15 18 25 26 39 40 54 64 67 72 88 107 112 127 150 157 174 192 194 204 211 239 240 241 253 256 263 267 
148,34
19 20 35 43 45 55 57 60 61 79 80 89 92 105 112 120 124 130 137 139 152 168 180 197 199 204 226 239 251 277 278 279 291 293 
149,38
1 2 13 14 21 23 30 37 74 77 86 95 105 107 120 125 127 128 137 155 156 162 163 168 171 190 195 212 220 221 235 243 249 253 257 262 267 271 
150,31
2 20 27 36 39 56 59 67 75 77 92 96 97 98 115 150 156 164 177 182 189 203 204 217 219 223 229 242 244 275 294 
151,33
18 29 41 48 52 98 100 103 109 120 133 134 144 148 154 155 158 167 170 177 202 207 212 219 228 246 277 279 281 282 283 285 286 
152,28
11 31 40 58 77 82 86 89 93 95 106 113 131 134 152 157 201 227 238 243 244 246 249 274 278 285 286 296 
153,34
5 9 25 32 39 56 59 71 80 82 87 91 106 117 136 137 143 145 160 170 187 196 201 204 208 211 218 257 260 263 271 278 279 296 
154,34
9 22 23 27 36 43 53 59 82 91 92 104 106 112 117 119 129 142 190 217 227 228 229 239 243 246 248 249 252 259 274 276 288 295 
155,29
1 2 8 20 32 50 51 61 63 69 79 90 101 107 114 138 146 149 156 193 228 233 238 259 261 265 278 285 298 
156,27
11 33 43 56 81 85 86 96 108 111 125 138 142 156 167 170 184 191 207 222 223 247 250 252 265 272 296 
157,26
29 31 32 41 54 56 68 69 71 79 93 101 115 117 149 151 160 163 173 205 212 229 255 268 279 284 
158,20
5 14 18 45 90 101 115 129 151 167 183 186 194 206 226 227 246 247 250 252 
159,31
0 2 8 21 27 45 47 57 94 99 101 115 134 140 145 167 170 192 198 218 223 236 239 244 261 262 263 273 278 292 297 
160,25
5 16 21 24 26 53 55 65 112 114 118 139 145 168 218 226 236 245 252 257 263 266 283 297 299 
161,34
2 6 8 10 11 13 23 25 27 55 62 65 72 87 89 91 99 105 116 135 140 154 162 197 202 204 219 230 245 251 254 261 269 270 
162,29
0 6 17 21 30 39 49 52 61 79 82 97 109 121 150 151 158 167 184 213 218 219 221 237 240 248 265 273 274 
163,33
2 4 8 22 35 50 56 60 66 67 79 92 105 110 111 123 126 128 130 141 163 165 172 177 187 208 213 227 248 250 253 271 291 
164,30
3 11 13 15 16 19 24 31 33 36 53 66 71 81 97 126 141 146 148 176 189 194 218 223 239 251 258 263 285 290 
165,24
15 27 44 55 64 87 96 101 103 127 131 137 161 163 179 186 187 195 219 222 253 268 272 284 
166,23
30 32 35 36 47 48 65 71 73 94 95 102 118 124 125 142 167 237 241 247 257 281 291 
167,40
23 30 42 47 62 67 71 74 75 87 89 98 100 111 115 117 119 126 131 137 164 171 184 203 207 210 212 214 235 238 239 264 270 274 276 282 285 286 287 296 
168,31
1 4 7 40 44 54 59 61 71 72 77 82 89 93 107 118 139 154 162 166 167 173 199 217 232 245 249 250 257 295 298 
169,26
11 16 38 48 59 62 71 75 80 81 100 107 109 135 155 160 180 221 225 227 232 240 245 246 282 294 
170,39
23 24 26 31 54 55 62 65 76 85 89 97 99 103 104 107 110 111 122 124 126 134 135 137 140 144 146 183 204 212 219 222 231 237 239 258 287 293 298 
171,24
5 23 31 33 35 43 44 50 54 95 98 123 144 147 162 181 182 185 214 228 233 280 290 294 
172,31
2 3 20 28 53 61 67 80 85 100 105 107 109 114 130 133 144 187 189 192 214 223 224 227 233 247 257 265 271 284 290 
173,40
5 7 10 13 16 26 30 35 42 55 56 63 65 87 93 97 100 104 105 123 127 128 131 145 147 176 180 183 184 188 190 200 203 213 236 242 252 277 279 284 
174,31
3 4 10 31 40 50 53 67 74 82 94 100 121 127 128 166 179 180 184 188 201 205 210 221 238 241 249 254 268 275 292 
175,31
5 15 19 25 41 44 46 51 60 63 68 98 102 106 138 140 149 150 173 178 183 188 189 190 220 241 279 280 291 295 298 
176,31
18 20 23 31 51 52 57 60 69 107 108 112 121 136 137 139 142 143 168 172 212 225 228 230 234 240 245 250 261 266 292 
177,23
8 27 35 63 70 111 120 134 137 147 148 153 157 189 203 219 234 238 239 246 247 258 266 
178,20
6 9 15 33 35 72 73 89 93 94 98 128 151 190 209 213 224 261 271 282 
179,31
9 28 35 63 69 71 85 90 95 109 118 146 147 176 180 181 185 193 198 203 211 219 225 226 242 250 256 259 273 274 293 
180,37
0 6 8 11 13 15 22 42 46 55 66 84 91 94 114 125 143 144 147 164 196 202 203 204 209 211 215 231 234 244 245 248 257 263 283 298 299 
181,31
1 17 22 28 38 53 56 75 90 100 111 117 132 151 153 156 175 188 190 192 211 219 226 229 235 238 249 257 270 279 283 
182,19
1 28 39 53 55 78 101 106 120 138 225 226 235 242 260 261 266 275 287 
183,32
20 30 37 41 52 54 56 72 104 108 109 111 113 114 116 123 126 149 161 184 188 193 194 201 203 218 227 234 254 262 290 296 
184,31
8 15 50 53 57 58 63 91 147 158 169 178 192 195 196 208 211 214 221 229 230 237 238 244 246 248 250 266 275 279 280 
185,31
3 13 19 21 29 36 45 46 48 73 102 103 124 126 130 143 146 158 161 162 174 175 180 222 232 234 245 253 268 270 278 
186,21
1 15 16 35 39 60 63 70 88 122 127 148 155 164 167 189 193 215 221 277 291 
187,24
31 32 45 55 58 59 68 89 92 96 103 106 112 119 131 136 167 180 236 258 269 274 286 298 
188,18
15 35 41 80 103 113 117 146 154 170 188 198 211 219 276 278 282 291 
189,37
3 19 22 26 33 43 47 51 58 82 85 128 145 148 152 156 170 184 188 189 198 210 224 242 244 247 254 256 272 276 284 285 286 287 290 297 298 
190,27
0 10 36 41 51 58 69 71 77 79 104 111 167 181 189 197 200 205 206 212 246 268 273 275 281 287 294 
191,26
9 22 23 30 33 38 41 42 56 63 64 65 87 111 133 139 141 157 172 209 211 216 217 257 266 280 
192,37
1 2 3 11 15 18 35 60 63 64 72 76 80 91 106 113 121 145 147 148 161 170 179 187 189 198 205 240 243 250 255 267 273 275 279 289 296 
193,27
14 19 25 32 41 48 73 83 102 105 108 110 112 117 126 129 134 140 158 188 195 209 214 216 233 244 298 
194,25
7 10 19 26 45 59 60 84 95 127 129 140 145 161 166 167 171 184 202 203 212 247 271 279 299 
195,33
1 28 34 36 37 48 49 65 74 80 84 100 111 128 142 150 154 155 161 179 183 185 196 223 228 237 239 248 265 274 286 294 298 
196,19
29 34 48 60 72 86 96 135 145 172 177 178 216 230 234 237 239 246 274 
197,28
3 10 16 17 25 37 51 78 96 101 102 129 136 151 183 190 192 198 205 210 211 216 232 266 267 278 287 298 
198,27
0 20 23 38 50 57 60 86 90 102 116 126 130 131 138 147 157 168 169 175 181 187 197 198 219 249 275 
199,18
16 40 44 77 97 112 115 138 166 168 172 178 194 212 223 229 291 298 
200,34
1 2 7 17 24 39 40 58 63 68 71 103 107 124 144 149 158 164 176 185 186 189 215 244 246 247 248 251 262 263 264 273 285 291 
201,24
2 5 43 65 82 86 87 108 121 126 130 157 170 171 176 178 179 181 186 197 224 267 268 275 
202,29
28 46 56 63 66 68 92 96 108 120 159 177 178 179 187 190 191 196 205 223 231 238 243 259 266 275 279 294 296 
203,35
7 11 22 35 53 72 86 95 99 101 102 106 114 117 158 160 161 162 182 183 192 205 213 231 241 243 245 247 265 271 281 284 285 291 294 
204,31
5 6 34 43 47 81 82 83 90 104 118 122 127 131 137 147 149 161 179 190 195 205 212 215 218 239 248 249 250 269 274 
205,30
8 11 14 15 20 56 62 63 91 93 94 108 128 153 154 169 176 183 189 201 209 210 223 255 259 260 265 273 282 297 
206,31
0 1 19 22 23 40 59 72 73 78 80 83 98 105 107 111 112 120 121 139 145 146 150 153 177 186 218 220 221 240 241 
207,34
16 24 31 33 35 40 47 49 50 52 54 64 73 77 82 85 96 97 100 103 110 133 153 155 157 162 177 180 199 205 248 255 284 286 
208,25
10 18 19 38 43 51 64 70 71 75 94 98 101 113 119 133 153 188 203 240 245 246 279 285 298 
209,34
0 23 25 28 31 35 51 58 62 67 71 73 90 91 116 118 126 127 152 160 181 197 199 210 214 217 230 244 252 256 265 269 285 292 
210,31
1 20 25 52 56 59 66 70 82 90 96 107 110 112 113 130 131 134 136 139 153 158 161 169 170 171 191 198 249 294 296 
211,29
20 25 34 51 73 79 97 102 108 112 113 124 134 136 155 164 177 187 190 192 193 196 209 220 231 236 247 265 269 
212,38
2 3 34 49 54 58 60 62 63 73 81 112 113 121 129 133 140 141 147 149 154 161 164 165 174 178 204 216 219 221 223 238 250 251 260 270 283 290 
213,30
5 33 38 40 46 58 59 67 69 97 124 127 145 161 167 171 184 185 189 193 194 201 212 214 219 255 260 261 278 289 
214,31
43 49 50 55 58 64 65 75 85 91 96 102 115 147 167 173 181 186 202 208 221 252 254 261 267 268 278 279 283 290 299 
215,38
17 20 46 49 60 62 71 72 86 90 97 102 113 114 129 145 153 156 157 161 169 179 180 182 191 200 205 207 231 235 238 245 246 248 258 273 282 299 
216,29
2 21 28 32 34 53 64 83 114 118 132 142 146 160 166 171 178 181 191 199 204 223 224 237 250 262 278 279 280 
217,28
1 46 47 64 76 80 86 100 102 110 134 144 168 171 188 201 203 220 223 235 240 251 255 256 260 276 286 290 
218,23
1 14 25 39 41 47 59 82 93 96 105 160 168 191 193 194 228 244 247 253 258 276 280 
219,28
26 31 33 39 52 104 105 106 110 135 150 151 152 155 173 183 196 202 213 217 228 233 235 266 269 273 279 298 
220,27
15 16 24 38 40 46 68 80 96 97 116 123 124 139 154 174 185 195 198 199 206 239 262 274 287 289 293 
221,24
14 15 27 28 34 79 117 125 150 155 163 166 182 184 198 216 218 224 227 229 254 267 270 288 
222,24
0 2 15 16 18 27 46 58 73 74 79 103 116 148 164 165 184 209 219 270 278 286 292 296 
223,20
10 18 26 38 40 69 74 86 88 109 147 177 192 197 204 227 230 248 252 264 
224,24
11 17 21 23 24 30 38 43 44 54 55 58 99 152 159 184 191 211 230 238 249 255 271 292 
225,20
36 59 64 81 82 83 84 95 121 126 145 148 157 160 166 173 196 216 217 221 
226,27
3 20 23 24 35 36 70 72 85 87 95 99 111 115 129 153 160 162 167 182 188 201 209 256 257 264 283 
227,32
13 26 35 47 55 78 85 102 105 108 110 118 135 142 155 160 173 178 181 227 231 241 244 246 250 251 253 256 271 272 278 289 
228,34
9 31 32 44 59 76 77 80 89 92 99 102 113 115 121 122 126 131 134 166 168 172 173 201 206 215 224 226 246 273 275 287 288 293 
229,26
3 4 36 97 119 122 128 133 136 145 146 160 169 185 215 222 235 236 265 271 276 277 279 283 284 287 
230,40
3 4 22 25 29 31 40 51 69 71 78 92 96 101 112 128 138 139 147 153 160 168 170 173 182 190 206 213 221 224 225 236 238 240 262 263 267 268 290 292 
231,23
48 69 77 87 105 109 118 119 125 152 159 173 186 188 192 204 247 258 263 270 276 281 297 
232,25
5 6 39 54 60 69 77 83 96 98 99 100 105 111 129 137 164 168 198 209 210 216 258 272 276 
233,22
21 45 52 60 63 91 95 106 111 128 137 158 159 191 211 223 225 229 250 265 278 281 
234,26
10 12 25 27 30 31 32 48 67 85 111 115 132 134 185 189 193 194 198 218 226 247 265 287 298 299 
235,25
12 17 31 34 38 39 42 72 111 125 139 158 171 176 191 208 229 237 253 260 270 274 286 287 288 
236,30
10 12 13 24 38 46 54 73 85 97 99 100 121 122 135 138 139 151 158 173 195 201 206 224 241 242 243 246 283 293 
237,31
6 7 25 26 33 43 45 48 61 63 67 68 73 75 79 133 139 149 155 160 165 198 207 235 240 256 267 274 283 293 299 
238,33
26 33 75 80 85 100 112 119 121 125 139 166 179 182 186 188 189 195 202 216 225 228 233 236 245 246 267 270 278 279 287 289 291 
239,33
1 7 41 45 58 62 80 88 92 105 117 122 123 129 138 139 142 164 173 178 189 242 251 261 264 274 275 276 281 285 292 294 295 
240,23
7 27 54 58 68 70 91 107 111 120 125 133 155 196 197 204 235 244 246 260 267 277 294 
241,31
5 24 28 39 41 44 46 52 55 75 80 102 116 124 133 137 143 177 198 202 218 219 224 227 246 247 263 280 287 292 298 
242,29
0 1 2 20 24 29 32 34 39 44 97 104 108 111 134 136 140 141 146 157 188 211 221 223 235 264 267 271 272 
243,33
2 5 9 12 13 20 25 40 43 67 70 73 76 95 100 108 120 124 125 180 195 197 199 200 220 225 237 243 249 266 267 276 286 
244,36
11 17 42 44 52 56 82 87 92 107 110 119 127 131 136 149 155 171 173 178 180 188 189 193 217 220 222 231 237 239 253 256 259 265 266 296 
245,28
5 9 21 33 38 53 60 67 70 71 73 91 92 110 127 129 155 156 159 174 176 205 206 251 259 284 287 294 
246,35
4 36 50 55 60 72 74 80 82 91 93 97 110 111 144 149 159 162 186 188 207 211 220 229 237 247 249 252 256 267 275 278 280 288 294 
247,39
9 10 18 27 31 36 37 41 43 53 59 70 75 93 96 99 115 124 133 135 143 150 159 161 163 167 194 196 209 219 229 230 235 236 239 242 252 261 270 
248,31
0 17 28 41 43 60 61 73 83 84 104 112 122 132 134 139 140 158 164 165 171 180 181 185 186 200 208 216 224 235 288 
249,24
7 11 14 21 35 42 52 87 88 92 96 116 133 141 152 172 182 208 211 233 242 249 252 291 
250,28
7 11 15 23 25 26 40 47 49 63 66 71 76 107 121 163 164 181 188 193 204 212 230 240 245 251 263 268 
251,30
20 27 28 33 45 48 62 68 103 111 113 121 123 126 158 180 194 195 206 210 215 236 246 255 262 280 281 286 291 292 
252,21
62 81 107 111 118 125 131 144 150 169 170 197 209 213 220 222 225 244 267 271 274 
253,37
2 12 22 29 31 32 35 36 47 53 62 70 71 111 112 147 152 159 163 164 190 198 201 208 210 216 217 219 232 251 252 260 269 272 279 281 299 
254,28
7 9 10 12 19 24 44 48 64 68 71 72 99 108 114 118 126 135 159 194 200 213 260 265 272 281 283 299 
255,30
33 45 55 70 75 78 85 87 92 100 110 117 120 145 148 151 159 161 172 186 190 202 203 206 217 222 223 274 280 287 
256,34
0 25 38 42 46 58 68 88 92 95 111 121 141 142 144 147 157 191 192 198 204 214 215 224 225 234 249 251 253 260 269 274 281 296 
257,32
6 18 19 26 39 48 77 79 107 108 109 132 143 173 174 178 179 185 199 209 235 236 239 244 257 260 263 269 272 274 291 297 
258,27
11 23 35 38 41 48 59 64 72 94 104 111 114 118 132 155 158 170 177 193 200 208 211 241 261 274 283 
259,29
17 19 27 29 30 55 56 64 65 77 84 120 122 130 132 136 156 159 193 209 218 219 224 234 240 262 282 284 298 
260,30
5 9 10 16 19 22 23 41 43 63 68 69 70 74 84 87 88 98 101 123 133 135 167 177 194 218 227 234 245 299 
261,39
0 20 28 32 48 53 57 61 69 74 81 87 98 117 123 125 133 155 158 164 169 200 202 211 213 220 228 233 234 243 247 259 261 269 273 274 285 293 294 
262,27
0 6 22 23 31 35 68 82 99 107 114 123 130 132 145 160 168 173 210 224 242 254 277 282 286 297 299 
263,27
0 9 10 29 30 46 61 79 89 91 92 93 95 121 127 134 150 154 199 208 213 230 263 274 275 279 297 
264,31
12 16 34 38 42 45 46 50 51 80 82 86 95 100 115 123 127 156 167 187 197 200 203 211 243 248 255 261 291 292 293 
265,23
0 8 14 47 59 91 98 106 110 117 118 122 125 128 152 173 176 195 196 200 217 223 240 
266,34
8 9 21 28 48 49 50 72 99 108 109 122 134 135 141 151 152 158 164 166 175 188 195 203 212 223 226 233 240 246 273 292 295 296 
267,39
1 8 15 20 22 33 39 41 56 61 70 75 78 111 112 130 145 159 164 165 172 186 187 200 201 202 205 206 207 209 213 224 244 249 257 261 268 290 293 
268,40
0 4 5 21 25 30 49 52 55 61 65 80 82 92 95 103 126 130 135 139 142 145 152 159 164 170 196 197 199 200 207 233 237 238 242 252 262 268 288 296 
269,28
4 6 8 57 61 81 86 87 89 92 99 105 115 129 136 138 140 155 176 179 194 195 208 248 250 274 278 291 
270,26
2 27 31 39 41 47 48 56 69 70 71 77 85 86 87 89 99 123 124 140 142 148 205 250 255 289 
271,35
2 3 9 11 28 29 32 34 51 59 64 68 99 102 104 124 134 163 176 177 183 190 200 208 218 237 242 251 258 259 261 266 278 285 290 
272,33
5 11 14 19 24 28 55 58 63 65 71 81 95 96 105 131 139 153 169 171 191 197 206 220 227 233 236 242 255 268 277 279 296 
273,34
3 14 18 27 29 30 34 36 64 67 81 110 111 119 122 129 137 160 161 164 167 191 192 206 207 212 218 225 228 251 273 281 289 299 
274,34
3 22 23 28 38 44 60 62 69 78 87 98 132 136 137 140 156 166 170 187 189 203 212 226 233 248 254 257 264 268 278 292 294 295 
275,26
12 13 35 48 49 63 66 67 90 107 149 161 176 178 187 196 212 228 246 251 260 264 273 281 283 297 
276,23
0 3 24 37 52 53 96 107 129 140 162 171 172 177 211 217 219 226 245 248 274 278 282 
277,32
1 12 35 38 59 62 73 95 97 109 112 123 126 139 140 145 150 159 170 176 179 190 213 225 232 245 253 257 264 271 289 295 
278,26
2 38 71 72 83 84 105 108 111 123 131 134 135 151 161 166 194 224 226 227 230 247 258 262 264 283 
279,29
14 24 31 36 52 61 63 77 78 89 91 107 110 128 130 161 162 164 177 182 223 232 233 263 267 271 278 295 298 
280,37
15 19 32 34 36 43 48 49 56 60 62 93 97 115 119 127 131 145 147 159 161 165 169 170 176 180 208 212 214 218 223 235 237 240 247 261 270 
281,25
5 11 17 22 29 35 42 45 75 81 87 104 107 115 156 158 189 199 200 216 239 250 254 256 290 
282,31
7 18 26 27 41 44 46 63 64 67 72 78 81 90 93 103 112 146 175 190 209 214 220 221 227 254 278 280 282 291 299 
283,36
13 18 23 26 29 31 44 50 53 58 64 69 76 77 85 104 111 119 129 132 174 176 177 179 200 215 228 237 250 261 267 271 275 282 289 292 
284,32
4 18 38 45 48 56 89 94 95 102 115 120 134 139 142 153 159 167 170 172 173 206 219 220 221 239 247 257 262 264 265 299 
285,29
0 16 21 23 27 36 39 56 66 74 83 87 97 106 109 117 119 150 158 164 165 171 182 192 198 254 257 271 275 
286,25
21 33 42 44 48 53 59 128 132 135 136 178 180 183 187 198 199 209 218 224 228 236 243 269 279 
287,37
2 13 17 27 34 42 53 54 56 72 78 82 84 88 113 114 126 139 142 162 163 164 167 170 173 177 180 202 204 223 228 231 248 260 274 279 294 
288,27
27 34 55 62 68 79 81 98 134 156 164 166 167 182 187 201 222 226 246 255 265 274 282 283 285 286 296 
289,31
7 15 16 19 27 32 37 39 46 49 57 64 65 71 82 84 85 87 94 173 186 189 201 205 213 221 227 242 256 287 298 
290,31
0 5 12 14 25 41 42 55 56 57 68 74 79 122 124 130 133 136 137 170 177 191 235 248 253 278 280 286 288 291 299 
291,26
11 16 25 28 73 87 92 110 120 124 126 128 132 156 161 174 177 178 179 203 211 240 256 258 295 297 
292,30
5 6 11 23 27 47 50 56 58 66 78 84 106 114 117 118 141 145 163 182 207 210 217 226 234 241 268 287 289 297 
293,32
8 9 14 17 28 32 37 42 53 56 66 73 90 106 114 118 127 132 143 150 156 180 183 185 214 220 234 254 256 261 273 287 
294,28
2 5 10 48 74 79 110 111 117 128 143 145 163 172 186 192 195 203 213 221 248 250 273 275 293 294 296 299 
295,36
5 13 19 25 47 59 70 91 92 95 101 108 110 128 137 139 141 145 161 162 175 178 196 216 222 238 251 257 264 266 281 289 291 292 293 298 
296,27
1 3 8 13 16 26 48 50 57 68 94 103 159 175 185 187 207 216 222 241 243 248 251 253 254 255 277 
297,31
9 21 25 29 34 62 90 92 98 105 123 124 127 128 134 136 138 154 158 186 192 198 203 206 209 222 228 246 249 278 297 
298,21
2 3 10 17 24 25 58 83 107 138 140 163 185 199 204 205 210 239 245 253 296 
299,32
5 8 14 18 23 25 38 46 48 68 93 95 121 123 153 162 170 171 194 198 202 205 208 209 215 226 240 247 248 262 273 289 
300,28
2 41 42 84 97 110 118 122 126 146 152 153 154 155 156 164 176 184 190 191 201 207 217 231 248 256 257 258 
301,33
1 39 41 43 45 63 64 65 88 90 92 99 110 118 153 154 155 158 171 178 202 209 226 227 232 239 242 254 265 267 278 282 295 
302,26
10 34 73 74 102 141 148 149 162 172 177 188 195 218 221 223 224 225 226 233 240 252 275 276 289 297 
303,20
3 19 33 48 79 91 93 97 121 129 136 147 161 174 189 225 233 247 250 264 
304,29
7 9 28 34 35 37 43 55 58 60 71 78 85 118 140 164 171 188 205 216 219 238 250 251 260 263 277 292 296 
305,25
9 24 70 73 87 90 100 102 108 111 125 129 132 138 148 153 173 192 195 230 241 266 275 281 286 
306,31
7 8 23 41 47 51 54 61 83 96 121 136 142 155 161 187 197 198 199 203 219 230 238 250 257 260 262 265 268 279 285 
307,21
3 15 20 35 75 115 117 144 149 157 183 184 204 206 208 216 223 233 246 251 283 
308,26
14 23 46 68 71 79 102 121 131 138 156 170 173 177 182 183 191 215 216 223 230 239 248 272 279 289 
309,44
6 9 24 28 34 38 43 56 60 62 63 64 76 78 79 82 100 102 105 108 114 118 133 141 142 147 154 162 173 176 188 189 197 217 224 239 257 261 262 264 276 280 293 299 
310,26
4 18 30 38 47 59 60 67 74 79 86 115 116 120 143 147 150 153 172 178 182 229 234 249 293 296 
311,39
2 10 23 25 30 33 40 55 61 72 81 84 107 113 117 119 121 133 139 142 157 158 162 167 168 175 199 207 213 219 221 225 234 239 244 245 264 281 286 
312,35
9 21 22 32 38 39 44 55 61 66 68 77 78 86 94 113 119 135 158 171 186 187 189 196 220 222 239 243 246 247 256 260 269 275 280 
313,32
2 5 11 14 47 50 71 76 81 94 112 114 127 151 153 157 160 163 181 184 185 188 194 201 232 250 255 256 267 280 291 296 
314,34
8 13 16 19 35 47 50 61 62 66 76 104 118 122 136 147 157 176 179 196 205 209 215 222 243 248 258 259 265 279 282 284 288 298 
315,28
14 27 28 52 62 72 76 77 91 96 98 112 119 145 147 161 163 167 193 194 213 223 231 233 238 258 287 294 
316,35
20 29 43 72 79 100 110 121 123 135 139 144 149 151 154 155 158 161 163 172 205 211 226 227 233 234 238 241 247 248 255 271 292 295 299 
317,35
1 16 21 36 39 42 52 74 79 89 90 95 104 108 130 133 143 149 154 167 169 205 215 216 222 224 236 250 258 263 267 273 281 292 295 
318,27
3 15 17 59 61 72 79 86 101 107 117 129 137 157 159 163 169 175 194 211 212 218 231 248 273 288 297 
319,32
4 9 18 36 76 82 85 99 103 121 139 147 149 156 164 167 179 181 193 197 214 232 233 239 244 255 277 279 285 289 295 298 
320,27
5 7 11 33 41 64 70 85 93 103 109 129 130 135 152 162 163 169 180 198 212 243 245 252 281 282 287 
321,30
20 40 42 43 60 61 64 66 75 86 90 125 129 133 135 169 173 177 179 216 219 228 231 233 235 271 273 284 288 297 
322,35
23 32 40 52 55 60 63 64 84 88 92 114 124 135 146 151 153 161 170 178 190 192 206 217 218 220 223 230 245 250 268 270 272 283 299 
323,24
11 16 21 22 28 45 47 56 82 85 87 88 105 148 149 157 180 186 192 245 250 262 271 276 
324,35
9 12 15 33 43 54 55 60 67 68 92 95 121 122 125 126 134 137 143 144 152 161 194 201 202 207 216 218 227 257 267 280 287 294 299 
325,30
2 9 10 24 29 30 40 41 58 75 76 87 107 108 117 121 138 142 159 180 210 212 224 238 255 256 267 276 277 284 
326,29
10 14 27 44 51 62 66 72 74 86 87 98 109 111 130 147 184 193 200 201 228 229 244 267 270 277 281 284 285 
327,29
3 17 23 35 40 43 48 50 55 58 60 69 77 82 108 116 145 147 199 203 207 209 216 233 259 261 270 271 282 
328,25
7 21 31 56 67 80 82 89 97 112 130 142 163 164 169 174 214 225 234 238 243 258 271 283 298 
329,34
14 18 23 32 39 64 66 68 81 90 121 127 129 136 166 173 175 176 180 181 186 190 191 195 207 225 235 244 258 259 272 282 292 293 
330,32
0 15 24 30 41 42 73 77 79 85 93 104 108 147 163 164 167 169 211 212 215 222 228 235 241 251 252 256 275 280 293 298 
331,28
2 4 25 39 41 47 48 87 105 121 122 132 145 157 163 194 197 203 207 209 227 236 247 251 269 283 289 299 
332,30
1 11 30 44 46 66 83 108 121 123 128 131 142 174 186 194 195 199 203 204 218 226 229 231 241 264 267 276 277 296 
333,35
5 24 29 31 37 39 47 49 57 69 78 80 94 98 101 117 126 131 140 141 147 148 186 192 199 218 219 227 230 234 235 248 251 257 273 
334,37
0 3 11 14 20 27 31 35 36 44 45 51 61 88 89 92 99 109 120 121 130 140 155 158 189 195 199 200 227 234 240 243 261 273 278 284 289 
335,25
2 3 7 18 38 45 51 117 140 148 156 168 172 182 189 202 205 212 237 242 243 246 247 248 266 
336,28
3 39 55 71 76 77 82 86 91 92 102 108 117 120 155 161 173 189 208 219 235 248 269 271 277 281 289 299 
337,32
1 5 9 21 25 30 31 32 41 57 61 68 72 75 103 105 162 163 169 176 184 220 222 224 228 244 253 262 269 276 280 281 
338,34
2 9 19 21 23 30 35 42 53 72 88 90 94 97 100 104 130 141 146 159 167 169 172 205 208 209 223 227 228 248 269 270 280 283 
339,25
16 21 34 58 59 68 77 80 81 98 107 120 129 137 162 163 201 225 240 245 275 287 290 291 292 
340,30
4 5 18 24 49 53 62 67 71 73 83 87 96 101 108 114 115 120 122 124 129 142 146 173 182 183 193 226 246 297 
341,26
32 38 56 66 71 78 83 91 97 98 100 107 119 125 127 130 181 196 199 204 206 257 263 279 286 290 
342,27
5 6 19 25 34 35 41 46 54 61 64 66 72 89 120 132 142 143 168 172 188 198 202 245 255 282 290 
343,31
3 42 49 57 75 90 93 105 106 108 126 128 134 137 158 172 174 179 183 184 188 204 205 238 239 240 245 266 280 286 296 
344,32
31 34 35 36 37 39 48 50 53 68 75 79 125 127 129 146 151 167 176 195 196 214 216 222 230 240 252 254 262 268 272 290 
345,21
17 19 20 21 25 64 70 77 79 89 108 139 146 155 164 232 241 260 277 283 292 
346,30
1 4 7 20 24 31 41 51 62 76 81 87 96 98 105 109 118 120 131 141 176 196 199 221 224 247 267 278 290 296 
347,33
8 22 34 50 51 59 80 97 99 109 114 116 121 153 154 158 162 183 187 188 210 220 225 226 228 231 234 241 262 266 268 271 290 
348,28
5 18 22 30 34 78 84 87 89 93 97 102 110 116 129 130 133 160 166 169 179 187 203 234 249 254 256 260 
349,38
0 1 5 10 19 20 31 33 62 77 85 98 100 102 107 113 123 131 142 146 150 169 170 179 184 186 192 199 204 229 230 235 237 249 251 256 257 259 
350,36
9 18 19 29 35 55 62 72 83 87 90 91 96 117 121 124 128 134 139 140 143 154 155 166 168 172 179 200 205 206 213 227 232 247 280 291 
351,22
2 5 11 30 55 71 89 104 115 147 153 166 175 178 199 212 216 222 252 272 275 282 
352,31
2 5 12 39 58 59 67 73 76 86 95 104 114 117 121 124 133 134 138 146 150 165 186 196 199 202 218 258 259 270 296 
353,30
12 14 15 36 48 50 54 64 77 86 102 104 106 113 120 136 137 144 151 155 156 183 192 196 211 225 229 239 266 288 
354,36
9 14 24 28 49 51 59 62 64 67 73 74 84 98 102 106 125 126 127 132 136 138 139 144 150 155 163 188 190 199 207 208 224 249 268 285 
355,24
3 23 33 55 62 81 98 110 150 161 176 178 186 190 191 194 196 205 209 212 217 226 231 270 
356,31
15 26 27 38 41 42 45 46 69 96 97 112 115 126 130 141 144 157 171 174 179 189 202 205 212 216 226 240 259 276 284 
357,27
5 11 13 16 21 33 86 87 91 99 107 131 153 161 164 165 170 178 186 189 204 242 252 265 285 287 289 
358,28
1 16 51 53 70 82 86 102 111 119 120 121 166 178 179 183 197 211 219 221 223 225 241 244 247 258 266 280 
359,33
0 1 46 54 78 83 92 97 108 109 124 125 133 134 137 144 150 151 163 166 174 192 234 235 237 242 248 270 278 283 291 293 299 
360,34
4 12 14 15 19 46 59 82 83 84 110 121 133 137 140 141 142 155 160 163 165 167 172 191 199 207 224 225 239 245 250 256 262 283 
361,24
34 39 47 50 53 78 87 97 146 155 164 175 179 196 207 232 244 253 255 263 269 278 286 290 
362,32
6 15 23 25 29 42 54 76 78 80 91 104 110 115 119 120 123 128 147 149 177 194 202 229 232 236 239 242 258 266 271 286 
363,31
40 51 63 66 71 73 75 89 94 96 98 110 112 118 121 129 131 163 166 167 169 171 201 227 239 241 255 270 276 283 284 
364,30
1 3 9 13 16 20 34 35 47 77 110 115 129 140 152 160 178 208 214 225 234 235 252 255 263 269 277 288 291 295 
365,20
1 32 40 53 74 78 166 169 175 178 225 226 231 239 248 250 255 259 271 274 
366,28
2 14 64 80 86 92 99 103 117 118 119 129 133 151 156 158 159 176 185 214 216 219 239 242 268 278 296 297 
367,27
16 21 44 53 61 72 75 102 110 126 133 137 138 143 156 161 175 205 208 218 223 244 265 271 276 284 288 
368,26
9 18 27 39 52 88 91 109 124 154 184 189 190 196 212 214 217 222 236 237 252 254 259 272 278 292 
369,35
12 13 16 30 46 49 50 55 64 69 86 99 106 134 136 149 156 160 180 185 196 214 215 217 222 225 228 237 239 269 270 271 279 292 297 
370,33
8 12 15 20 24 25 35 37 38 53 55 70 71 74 98 99 116 145 165 178 182 202 206 210 216 219 225 226 246 259 268 281 296 
371,30
9 23 27 47 51 55 60 77 80 109 112 115 147 174 193 194 197 210 212 232 237 241 246 252 264 266 273 276 290 295 
372,29
6 7 37 41 49 59 62 83 106 107 109 110 116 124 128 130 133 136 144 148 170 179 189 212 282 286 288 290 297 
373,37
2 11 15 21 24 25 27 37 65 77 104 110 119 121 122 125 128 137 140 159 163 166 168 174 180 194 203 231 247 252 255 257 258 272 276 279 294 
374,40
2 24 25 36 43 53 69 83 86 93 96 108 117 123 125 149 151 165 168 175 176 177 179 185 195 203 204 205 214 216 217 241 254 255 260 269 271 283 295 298 
375,36
20 22 45 62 74 101 102 104 105 107 124 127 130 131 145 149 170 171 178 186 189 195 202 219 224 239 242 249 258 262 272 282 283 296 298 299 
376,20
11 45 58 67 75 90 99 118 153 160 166 183 195 220 229 249 263 272 285 292 
377,24
11 13 17 25 27 36 44 86 96 112 135 142 151 181 192 195 213 217 221 235 251 266 272 284 
378,35
4 21 22 30 38 51 53 56 57 68 75 80 96 100 103 106 108 126 129 130 137 153 172 179 190 215 225 226 229 246 247 270 281 294 295 
379,24
17 22 25 42 65 66 97 101 106 112 118 127 168 207 217 222 229 235 251 265 277 278 283 289 
380,29
20 24 26 36 41 44 57 63 74 76 89 104 115 117 149 153 167 168 182 188 202 208 222 234 237 238 247 258 274 
381,39
0 30 35 39 57 61 64 71 87 95 96 99 101 102 110 113 122 133 146 149 151 156 164 180 187 191 194 197 199 202 213 220 226 249 252 256 264 282 297 
382,25
5 21 29 34 42 49 55 56 65 68 72 134 135 141 143 169 174 207 231 237 248 260 270 293 294 
383,29
3 4 6 8 9 11 12 14 24 46 75 92 97 114 124 144 151 176 185 229 237 246 256 261 264 279 283 289 294 
384,40
3 5 6 8 16 27 36 45 49 69 71 83 95 98 103 105 106 123 127 131 135 138 139 161 162 178 187 207 210 216 217 229 233 236 275 277 281 293 294 299 
385,30
2 14 30 49 52 55 67 74 79 118 122 131 132 133 147 150 158 184 190 197 202 209 211 230 251 258 266 269 273 283 
386,32
63 66 79 82 87 92 98 109 112 115 120 138 152 162 163 164 172 180 188 192 193 195 197 206 246 247 253 266 269 270 292 297 
387,19
5 53 56 61 71 86 96 99 149 151 152 200 207 217 224 231 252 269 276 
388,28
34 40 44 52 60 72 93 110 124 125 147 150 155 159 173 174 184 186 195 200 218 233 254 273 275 280 283 287 
389,34
17 21 24 26 35 45 48 65 70 75 91 93 101 104 115 130 162 168 183 185 189 203 207 208 227 241 242 244 255 258 271 275 277 279 
390,37
6 9 13 24 25 35 40 50 52 58 84 112 116 121 126 128 130 134 139 148 156 162 164 168 185 189 200 207 217 219 220 228 240 245 266 284 292 
391,35
18 26 34 43 52 57 64 65 72 77 130 134 149 155 160 169 170 177 179 186 196 203 205 211 212 228 247 255 262 265 267 275 276 287 291 
392,31
5 8 15 42 43 53 63 71 75 83 85 97 122 127 133 141 158 162 204 206 208 211 215 232 247 249 251 254 256 261 283 
393,40
7 10 21 25 33 44 54 61 62 72 85 93 113 114 123 125 145 152 158 168 178 181 184 190 192 202 203 226 228 229 239 240 242 248 249 252 259 265 277 297 
394,34
19 26 32 36 55 66 68 80 81 94 95 98 129 141 149 151 172 189 193 199 209 221 231 232 249 250 267 273 277 291 292 296 297 298 
395,31
7 22 23 29 60 63 71 87 95 97 152 166 168 170 179 190 194 203 208 218 220 224 226 251 263 270 272 288 290 296 299 
396,21
0 11 53 58 65 72 83 115 140 145 147 170 196 232 247 248 255 267 278 290 295 
397,25
8 17 27 60 74 80 93 102 120 137 147 172 176 178 207 219 221 226 233 243 261 277 279 284 289 
398,27
37 38 55 57 65 73 81 97 100 112 151 160 167 168 175 210 216 224 226 257 260 266 267 268 294 297 299 
399,26
0 6 7 14 23 29 73 86 96 113 124 135 151 154 174 182 204 208 211 229 236 242 246 263 275 277 
400,14
4 7 16 38 63 87 110 134 160 183 205 228 251 277 
401,14
4 7 16 37 61 85 106 132 159 183 205 226 250 275 
402,15
4 7 16 38 60 85 107 132 159 183 203 225 249 275 299 
403,14
4 7 16 35 60 85 107 133 159 182 204 227 250 275 
404,14
4 7 16 33 59 85 105 130 157 182 204 227 250 276 
405,14
4 7 16 34 59 84 105 132 157 181 202 226 250 275 
406,14
4 8 16 38 61 86 108 134 159 183 204 227 250 276 
407,14
4 7 16 38 61 86 106 129 158 181 203 226 249 275 
408,14
4 7 15 38 60 85 106 133 159 183 204 227 249 276 
409,15
4 7 16 31 57 82 102 127 153 172 198 222 246 271 291 
410,14
4 7 17 34 60 85 106 132 157 182 203 226 250 275 
411,15
4 7 15 38 59 85 106 132 158 182 203 225 250 274 299 
412,14
4 7 16 38 63 86 109 134 160 183 205 228 250 275 
413,14
4 7 16 38 61 86 107 133 158 183 205 227 250 276 
414,14
4 7 16 38 62 86 107 132 158 182 202 226 250 276 
415,14
4 7 17 38 61 87 106 133 161 183 204 228 251 277 
416,14
4 7 16 38 61 85 104 131 158 183 204 226 249 274 
417,14
4 7 16 36 60 82 104 130 157 180 203 224 248 275 
418,15
4 7 16 38 59 84 104 130 157 179 202 224 248 274 297 
419,15
4 7 16 37 60 85 104 132 158 182 204 226 250 275 299 
420,14
4 7 15 35 60 85 106 132 159 183 204 226 250 276 
421,15
4 7 16 33 60 83 103 128 156 177 201 224 249 273 299 
422,15
4 7 16 39 61 85 104 132 158 182 203 226 249 274 299 
423,14
4 7 16 37 61 86 105 133 159 183 205 226 250 276 
424,15
4 7 16 35 60 84 105 132 159 182 204 228 250 275 299 
425,14
4 7 16 38 60 85 104 131 158 182 204 227 250 276 
426,14
4 7 16 39 61 87 106 133 160 183 205 227 250 276 
427,15
4 7 16 31 59 84 104 128 156 175 199 224 246 273 293 
428,15
4 7 16 38 61 86 103 129 156 175 201 223 247 273 298 
429,14
4 8 15 38 61 86 107 132 159 183 204 227 250 276 
430,14
4 7 16 37 60 84 106 131 157 182 203 225 250 275 
431,14
4 7 15 37 61 85 105 130 157 181 203 226 249 275 
432,14
4 7 17 39 61 86 107 133 160 182 204 228 251 275 
433,14
4 7 17 38 61 86 106 133 159 182 204 227 250 276 
434,14
4 7 17 38 61 86 105 132 158 182 205 226 249 275 
435,14
4 7 15 32 59 83 104 130 155 177 202 225 249 275 
436,14
4 8 16 38 61 86 105 131 158 182 204 227 250 275 
437,15
4 7 15 31 59 84 103 128 156 173 198 223 247 272 296 
438,14
4 7 15 37 61 85 105 132 158 181 203 225 250 275 
439,15
4 7 15 34 59 85 104 130 157 180 202 226 249 275 299 
440,15
4 7 15 32 59 80 103 128 154 176 198 223 247 273 295 
441,14
4 7 16 38 61 86 105 131 158 183 204 226 250 275 
442,15
4 7 15 32 60 84 103 129 157 181 202 226 249 275 298 
443,15
4 8 16 38 61 86 105 130 157 181 204 226 249 275 299 
444,14
4 8 15 36 61 86 108 134 160 183 205 227 251 277 
445,14
4 7 17 39 62 85 108 134 159 183 206 227 250 274 
446,14
4 8 17 38 61 85 107 133 159 182 204 226 250 275 
447,15
4 8 15 38 61 85 105 133 159 183 204 225 249 275 299 
448,14
4 8 17 38 60 85 109 133 159 182 205 226 250 275 
449,14
4 7 17 38 62 86 105 132 158 182 204 227 250 276 
450,14
4 8 17 38 61 86 110 134 160 183 205 229 251 276 
451,15
4 7 16 38 61 85 106 133 159 182 203 226 250 274 298 
452,14
4 7 15 33 59 83 104 130 158 181 203 225 250 275 
453,15
4 8 15 38 62 86 108 133 160 183 205 226 250 275 299 
454,14
4 7 16 37 60 85 105 132 157 181 203 226 250 276 
455,15
4 7 15 33 59 81 104 128 154 175 199 223 247 272 292 
456,14
4 8 16 38 62 86 106 133 158 183 204 226 250 276 
457,14
4 8 16 39 61 85 106 132 158 182 204 226 250 275 
458,14
4 7 17 39 62 85 108 133 161 183 207 228 251 276 
459,15
4 7 17 39 62 85 103 128 157 182 204 225 249 274 299 
460,15
4 7 15 34 61 85 106 129 157 179 202 224 248 274 298 
461,14
4 7 15 38 62 86 107 132 159 183 204 228 250 276 
462,14
4 7 16 37 61 85 108 132 160 182 204 226 250 274 
463,15
4 7 15 36 60 83 104 129 156 177 201 224 248 274 298 
464,14
4 8 16 38 62 85 107 130 158 182 204 226 250 275 
465,15
4 7 15 32 59 84 103 129 155 179 202 224 248 274 299 
466,14
4 8 17 39 63 87 110 133 160 183 205 228 250 275 
467,14
4 7 17 38 60 85 105 131 158 181 203 225 248 275 
468,14
4 7 16 38 62 86 104 130 158 181 203 226 249 275 
469,15
4 7 15 38 61 85 105 130 157 182 202 224 249 273 298 
470,14
4 7 17 37 61 85 106 128 159 182 204 225 249 275 
471,15
4 7 15 39 61 86 105 132 157 182 203 226 249 274 299 
472,15
4 7 15 34 58 84 103 130 156 180 202 224 247 272 289 
473,15
4 7 14 34 59 83 103 128 156 177 200 224 247 274 298 
474,14
4 7 16 37 60 85 105 131 158 183 205 228 251 276 
475,14
4 8 17 38 62 86 107 134 159 183 204 228 250 277 
476,14
4 7 15 38 61 85 108 133 158 183 206 228 250 275 
477,14
4 8 18 39 61 86 109 133 161 183 206 227 251 277 
478,14
4 7 16 38 61 85 104 130 157 181 203 226 250 274 
479,15
4 8 15 38 60 86 104 132 158 182 204 225 249 274 299 
480,15
4 7 15 33 59 84 104 128 155 177 201 224 248 274 298 
481,15
4 7 16 30 58 83 104 128 154 173 197 222 246 272 295 
482,14
4 8 15 38 61 86 109 134 159 183 204 227 250 276 
483,15
4 8 15 34 60 85 104 130 157 180 202 224 249 273 293 
484,15
4 7 16 37 60 85 105 132 158 183 204 227 250 275 299 
485,14
4 8 16 38 62 86 107 133 159 183 204 226 249 276 
486,14
4 7 17 38 61 85 105 132 159 182 203 226 250 274 
487,15
4 8 16 39 62 86 105 133 159 182 203 226 250 276 299 
488,14
4 8 16 38 62 84 105 132 158 182 205 227 251 275 
489,14
4 7 15 34 59 85 104 131 158 182 204 226 250 275 
490,14
4 8 15 38 61 86 107 132 159 183 205 227 250 275 
491,14
4 7 17 38 62 86 107 133 159 182 204 227 250 275 
492,14
4 7 15 38 60 85 106 132 158 182 203 227 250 274 
493,15
4 7 16 38 61 86 106 132 158 182 203 224 249 275 299 
494,14
4 7 16 37 59 85 105 131 159 182 204 226 250 275 
495,14
4 8 16 38 61 86 108 134 159 183 206 228 251 277 
496,14
4 8 17 38 61 86 105 132 158 182 205 228 250 275 
497,14
4 8 16 38 61 86 108 133 159 182 203 226 249 275 
498,14
4 8 16 38 61 86 107 134 158 183 203 225 250 275 
499,15
4 7 17 38 61 85 106 131 157 182 203 226 249 275 299 
500,14
4 7 17 38 62 85 106 133 159 183 205 229 251 277 
501,15
4 8 17 39 61 86 108 132 159 183 203 227 250 275 299 
502,14
4 8 16 38 61 86 108 132 158 182 204 227 250 275 
503,14
4 7 17 38 60 85 107 133 158 182 204 227 251 276 
504,14
4 8 16 37 61 85 104 131 158 181 204 227 250 275 
505,14
4 8 15 35 60 85 106 129 157 181 203 225 249 275 
506,14
4 8 17 38 61 85 107 133 160 183 204 226 250 275 
507,15
4 7 16 38 61 85 105 130 155 174 200 223 246 273 292 
508,14
4 7 17 38 61 85 107 132 160 182 204 228 250 276 
509,14
4 7 16 35 59 84 104 131 159 182 204 226 249 275 
510,14
4 7 16 38 62 86 106 133 160 183 206 228 251 277 
511,14
4 7 15 36 61 85 105 131 158 182 204 225 249 275 
512,14
4 7 17 35 61 86 104 130 158 181 204 227 250 275 
513,14
4 8 16 39 61 85 105 133 159 182 204 226 250 275 
514,15
4 7 15 38 61 86 106 131 158 182 203 226 250 273 299 
515,14
4 7 16 34 60 86 106 130 159 182 203 227 250 276 
516,14
4 8 17 39 61 85 106 132 159 183 204 227 250 276 
517,15
4 8 16 38 61 85 105 129 156 179 202 224 248 274 299 
518,14
4 8 17 39 60 85 108 133 160 183 205 227 251 277 
519,14
4 7 16 38 61 85 106 133 160 182 205 229 251 275 
520,14
4 7 15 35 61 84 105 131 158 181 204 227 250 275 
521,14
4 7 16 33 59 83 104 130 157 180 203 225 249 276 
522,14
4 7 16 38 60 86 106 130 160 182 204 227 250 276 
523,14
4 7 16 37 62 85 109 133 160 183 205 228 250 275 
524,14
4 8 16 38 61 86 109 133 160 183 204 228 250 276 
525,15
4 8 17 39 61 86 107 133 158 183 205 226 250 276 299 
526,14
4 8 15 36 61 85 107 133 159 182 204 227 250 275 
527,14
4 7 17 38 62 86 107 133 159 182 203 226 250 276 
528,14
4 8 17 39 61 86 109 134 160 183 204 226 249 275 
529,14
4 8 17 38 60 86 106 132 158 182 204 227 250 276 
530,14
4 7 16 38 62 86 106 132 160 182 203 227 250 275 
531,14
4 7 16 38 60 85 103 131 158 182 204 227 250 274 
532,15
4 7 16 38 61 86 105 132 158 182 204 225 249 274 299 
533,15
4 7 16 38 60 83 105 130 157 181 204 225 248 275 299 
534,14
4 7 16 38 61 85 107 132 159 183 205 229 251 275 
535,15
4 8 15 37 61 85 105 130 158 182 205 225 250 275 299 
536,14
4 7 16 38 61 85 109 134 160 183 205 228 250 276 
537,14
4 7 15 38 60 86 106 133 160 183 205 228 251 277 
538,14
4 7 15 36 60 84 105 131 158 182 203 226 249 275 
539,15
4 7 15 38 61 85 104 129 157 181 201 225 248 273 298 
540,14
4 7 17 38 61 85 107 133 159 182 204 227 250 275 
541,15
4 7 16 31 57 84 104 128 157 179 202 224 247 274 297 
542,14
4 7 16 35 60 85 104 130 157 181 204 227 250 275 
543,14
4 7 16 38 61 86 105 132 161 183 205 228 250 277 
544,14
4 8 17 38 61 85 106 133 159 181 204 226 250 275 
545,14
4 8 17 38 62 86 106 132 158 182 204 226 250 275 
546,14
4 8 14 33 59 82 105 131 158 182 204 226 250 275 
547,14
4 7 16 38 62 86 107 132 160 183 205 227 250 275 
548,14
4 7 16 35 60 85 104 133 159 182 203 227 250 275 
549,14
4 7 15 37 60 85 106 131 160 183 205 226 250 276 
550,15
4 7 16 36 61 85 105 131 158 182 203 225 249 275 299 
551,14
4 7 17 38 61 86 107 133 159 182 203 225 249 275 
552,14
4 8 16 36 61 85 103 129 156 177 201 224 249 274 
553,15
4 8 16 35 60 85 105 130 157 179 202 225 248 275 299 
554,15
4 7 16 33 59 84 104 129 156 177 200 224 247 273 295 
555,14
4 8 17 38 61 85 106 131 158 182 204 226 249 275 
556,15
4 8 16 38 61 85 104 129 155 179 202 226 249 274 292 
557,15
4 7 15 33 59 84 104 128 155 177 200 224 247 273 298 
558,14
4 8 17 38 61 85 103 131 156 182 203 225 250 275 
559,14
4 8 16 39 62 85 105 133 158 182 204 228 250 275 
560,14
4 7 16 36 60 85 105 131 159 182 204 227 250 275 
561,15
4 7 15 32 58 83 104 129 156 178 200 223 248 274 299 
562,15
4 7 15 32 58 82 103 128 155 173 197 222 246 272 289 
563,15
4 8 18 39 62 86 108 133 158 182 204 225 249 274 299 
564,15
4 7 15 32 56 83 103 127 153 173 197 223 245 271 291 
565,15
4 8 17 38 61 85 105 131 158 182 202 226 248 274 298 
566,15
4 7 17 39 61 85 106 132 159 182 203 225 249 274 299 
567,15
4 7 14 34 59 84 104 129 156 175 200 224 247 274 297 
568,14
4 7 17 39 61 86 108 133 159 182 205 228 250 275 
569,14
4 8 16 39 61 86 109 133 159 183 204 227 250 274 
570,15
4 7 15 38 61 85 104 128 156 179 202 225 248 274 298 
571,14
4 7 17 38 61 86 107 132 159 182 204 227 250 275 
572,14
4 8 16 38 62 86 108 133 160 183 206 227 251 276 
573,14
4 8 17 39 60 86 107 133 159 183 205 227 250 275 
574,15
4 8 16 39 61 85 108 133 159 182 203 227 249 274 299 
575,15
4 7 16 33 60 85 104 129 155 178 201 224 249 274 299 
576,15
4 7 16 34 59 85 105 128 157 175 201 223 247 273 292 
577,14
4 7 16 38 61 85 106 133 159 183 206 228 250 276 
578,14
4 8 16 38 61 85 109 133 160 183 205 228 250 277 
579,14
4 7 16 38 61 85 105 132 158 182 205 227 249 276 
580,14
4 7 15 37 61 85 106 132 160 182 204 226 250 276 
581,14
4 7 15 38 60 86 105 132 158 182 202 225 249 275 
582,14
4 7 16 38 61 86 108 134 160 183 205 228 251 276 
583,14
4 7 16 38 60 86 106 133 158 182 204 228 250 275 
584,15
4 7 16 36 60 85 104 131 158 181 203 225 249 274 299 
585,14
4 8 17 38 61 85 106 132 159 183 204 226 250 276 
586,14
4 7 16 37 61 86 107 132 159 183 204 227 250 276 
587,15
4 8 16 39 61 85 105 130 158 181 204 226 249 274 299 
588,14
4 8 15 38 60 85 106 132 158 182 203 225 250 275 
589,14
4 8 16 38 62 86 107 134 159 183 204 226 250 275 
590,15
4 7 16 38 61 86 106 130 158 182 204 225 249 273 299 
591,14
4 7 16 37 61 85 104 131 158 182 204 226 249 275 
592,15
4 7 15 31 59 81 104 130 156 177 201 224 247 273 297 
593,14
4 7 16 38 61 86 105 130 158 182 203 226 250 275 
594,15
4 7 14 31 57 80 102 127 153 172 196 222 246 271 287 
595,14
4 8 16 37 60 86 107 133 159 183 204 228 250 276 
596,14
4 8 16 38 62 85 107 132 159 182 205 227 250 276 
597,15
4 7 16 38 61 83 103 128 155 179 201 224 247 274 299 
598,14
4 8 17 38 61 87 107 133 160 182 205 228 250 275 
599,14
4 7 16 38 61 85 105 132 159 182 204 227 250 276 
600,14
4 8 17 39 62 86 107 134 160 183 204 227 250 276 
601,14
4 7 16 38 61 85 106 132 158 182 203 226 250 274 
602,14
4 7 15 34 59 83 104 130 157 180 203 225 250 274 
603,14
4 8 17 38 62 86 108 133 160 183 206 228 250 276 
604,15
4 7 16 35 60 85 103 128 156 178 201 225 248 273 298 
605,14
4 7 16 38 61 85 107 133 159 182 203 226 249 275 
606,14
4 8 16 38 61 85 108 133 161 183 206 229 251 276 
607,14
4 7 15 35 60 85 104 130 157 180 202 225 249 275 
608,14
4 7 15 38 62 85 106 133 159 183 204 228 250 274 
609,14
4 7 17 38 60 86 106 133 159 182 203 225 249 276 
610,15
4 7 15 31 59 83 102 128 155 177 200 224 247 273 293 
611,14
4 8 17 39 62 86 105 133 159 183 205 225 249 274 
612,14
4 8 17 39 61 86 108 133 160 183 204 228 250 275 
613,14
4 8 16 38 61 86 105 132 159 182 205 227 250 276 
614,14
4 8 16 37 61 85 107 132 160 183 204 225 250 275 
615,15
4 7 16 38 61 84 106 132 158 182 203 226 249 275 299 
616,15
4 7 15 34 59 83 103 130 156 177 202 224 247 273 295 
617,14
4 7 16 38 60 85 105 132 159 183 203 226 250 276 
618,14
4 8 16 36 60 85 106 132 159 183 206 229 251 277 
619,14
4 8 17 38 61 86 107 133 160 183 206 226 250 276 
620,14
4 7 16 37 61 86 108 133 160 183 204 227 250 275 
621,14
4 8 16 38 61 84 105 132 159 182 204 226 250 275 
622,14
4 7 16 38 60 84 104 130 157 180 202 224 249 274 
623,14
4 7 16 36 60 85 106 131 158 182 204 228 250 276 
624,14
4 8 17 38 61 86 107 133 158 182 204 227 250 276 
625,14
4 7 16 38 62 86 106 133 160 182 205 228 250 275 
626,14
4 7 17 38 62 85 105 133 159 182 204 227 250 276 
627,14
4 8 15 37 60 85 105 133 158 182 203 226 250 276 
628,14
4 8 16 38 62 86 106 134 159 182 204 226 249 275 
629,14
4 7 16 38 62 86 103 132 158 182 204 227 249 275 
630,14
4 7 16 34 60 84 106 130 158 181 205 227 249 274 
631,15
4 7 16 38 60 85 107 133 159 183 204 227 250 274 299 
632,15
4 7 15 33 59 85 106 130 156 178 201 224 247 274 297 
633,14
4 7 16 38 60 85 105 132 159 182 204 226 250 275 
634,15
4 7 17 36 60 84 104 132 158 182 205 225 249 275 299 
635,14
4 8 16 38 61 86 108 133 161 183 206 228 251 277 
636,14
4 7 15 37 60 86 108 132 160 183 206 229 251 276 
637,14
4 8 16 38 62 86 106 131 158 182 204 226 250 276 
638,14
4 7 15 36 60 85 104 131 158 182 203 227 249 275 
639,15
4 7 16 35 60 85 106 133 159 183 203 228 250 275 299 
640,14
4 7 16 38 61 86 108 133 160 182 206 227 250 275 
641,14
4 7 14 34 59 85 105 131 157 181 202 225 249 275 
642,15
4 7 16 38 60 85 105 132 158 182 202 225 248 275 298 
643,14
4 8 16 38 61 85 105 132 159 183 204 226 250 275 
644,14
4 8 16 38 61 87 108 133 160 182 206 229 251 276 
645,14
4 7 16 39 62 86 107 132 159 182 205 227 250 277 
646,15
4 7 15 32 58 80 103 128 155 174 199 224 246 273 295 
647,15
4 7 16 34 61 86 104 131 157 181 203 226 250 275 299 
648,15
4 7 16 37 61 86 106 133 159 182 203 226 250 274 299 
649,15
4 7 16 35 60 85 103 129 155 175 201 223 247 273 293 
650,14
4 7 15 37 61 85 103 130 156 180 202 225 248 275 
651,14
4 8 16 39 61 86 109 133 162 183 206 229 250 276 
652,14
4 7 15 35 60 86 107 132 159 182 204 227 250 275 
653,14
4 8 17 39 62 85 105 130 158 182 204 225 250 276 
654,14
4 8 16 38 61 86 106 133 159 183 205 228 251 275 
655,15
4 7 17 36 59 85 106 130 158 181 203 225 249 274 299 
656,15
4 7 14 34 59 84 103 129 157 181 204 225 248 274 299 
657,14
4 7 15 34 60 84 105 130 157 182 203 225 249 275 
658,14
4 7 15 35 60 84 105 130 158 182 204 225 249 274 
659,14
4 7 16 37 61 86 106 132 160 183 205 228 250 276 
660,14
4 7 16 37 61 85 106 129 157 181 202 226 248 275 
661,14
4 8 16 39 61 85 108 133 159 183 205 227 250 275 
662,15
4 7 15 36 61 85 106 132 158 182 203 226 250 274 299 
663,15
4 7 15 37 61 85 104 131 159 183 204 225 248 274 299 
664,14
4 7 15 35 60 85 106 130 158 182 202 225 249 275 
665,15
4 7 16 34 59 79 103 130 157 181 202 224 248 273 297 
666,14
4 7 15 38 61 85 106 131 158 183 204 226 250 274 
667,14
4 7 16 38 61 85 107 130 159 182 204 225 248 276 
668,14
4 8 17 36 60 83 104 130 156 180 203 225 249 275 
669,14
4 7 16 36 61 85 107 133 160 183 203 227 251 275 
670,15
4 7 15 37 61 85 103 131 158 181 204 225 249 274 298 
671,14
4 7 14 37 60 85 108 133 159 183 205 227 250 275 
672,14
4 7 17 38 62 85 107 132 160 182 204 227 250 275 
673,14
4 8 16 39 62 86 105 132 158 182 204 228 250 274 
674,15
4 7 15 33 58 84 104 128 157 181 204 224 249 274 299 
675,14
4 8 16 39 62 86 108 134 160 183 204 227 251 277 
676,15
4 8 15 38 60 86 105 132 157 182 204 225 249 273 298 
677,14
4 8 17 39 60 86 109 133 160 182 205 228 251 276 
678,14
4 7 16 37 61 85 105 132 158 182 204 226 250 274 
679,15
4 7 16 38 60 85 106 131 158 182 203 226 250 275 299 
680,14
4 8 16 38 61 86 107 132 159 183 205 227 250 276 
681,14
4 8 15 38 61 86 106 133 160 183 206 225 250 274 
682,15
4 7 14 36 60 84 104 129 157 179 202 225 247 274 299 
683,14
4 8 15 36 60 84 103 131 158 182 204 225 248 275 
684,14
4 8 16 38 61 86 106 133 159 183 203 226 249 274 
685,14
4 7 16 33 59 80 105 129 157 181 202 226 249 275 
686,15
4 8 16 38 61 85 106 131 158 182 204 225 250 275 299 
687,15
4 7 16 33 58 84 104 129 156 178 201 224 248 274 299 
688,14
4 8 16 38 61 86 104 131 158 182 203 226 250 276 
689,14
4 7 16 38 60 85 105 131 158 182 204 225 250 276 
690,15
4 7 16 33 58 84 103 130 157 179 202 224 248 274 298 
691,15
4 8 17 38 60 85 104 129 157 180 202 224 249 274 299 
692,14
4 7 16 36 61 85 105 132 160 183 205 226 250 275 
693,14
4 7 16 38 62 85 105 133 159 183 205 226 250 275 
694,14
4 7 16 38 61 85 106 133 160 183 204 228 250 276 
695,14
4 8 17 35 60 85 104 130 157 181 203 226 249 274 
696,15
4 7 15 35 59 82 103 130 156 177 202 223 247 273 297 
697,14
4 8 17 38 62 86 106 133 158 182 205 227 250 275 
698,14
4 7 16 38 61 85 107 132 159 183 204 227 250 276 
699,14
4 7 15 37 60 86 106 132 160 183 204 226 250 276 
700,15
4 7 15 32 59 83 103 128 155 177 200 223 248 274 298 
701,14
4 7 16 38 61 86 105 132 158 182 203 226 250 275 
702,14
4 7 16 34 60 83 104 129 157 181 204 226 250 275 
703,14
4 7 16 35 61 85 107 133 158 182 205 229 251 277 
704,15
4 7 16 37 60 82 103 130 156 180 201 223 248 274 299 
705,14
4 7 15 38 61 85 104 129 157 181 203 226 249 275 
706,15
4 7 15 33 60 85 106 130 157 181 203 226 250 275 299 
707,14
4 8 17 39 61 86 109 134 160 183 204 227 250 275 
708,14
4 8 16 39 61 85 107 133 159 183 204 226 250 274 
709,15
4 7 15 37 60 86 105 132 158 181 203 226 248 274 299 
710,14
4 7 16 38 61 85 105 133 158 182 204 225 250 276 
711,14
4 7 16 36 61 85 105 132 159 182 204 227 249 275 
712,15
4 8 17 37 62 86 108 133 159 183 203 227 249 275 299 
713,15
4 7 15 32 59 83 104 130 156 181 202 225 247 273 297 
714,14
4 8 15 38 62 86 104 132 159 183 204 226 250 276 
715,15
4 7 15 37 61 85 105 130 157 181 202 226 249 274 298 
716,14
4 8 17 38 62 86 110 134 160 183 205 228 251 276 
717,14
4 8 16 38 61 86 107 133 160 183 205 228 250 275 
718,14
4 8 16 39 62 85 106 131 158 183 205 227 250 275 
719,14
4 7 16 38 61 86 108 134 160 183 204 226 250 276 
720,14
4 8 17 38 62 86 106 133 161 182 205 227 250 275 
721,15
4 8 16 38 61 85 107 133 159 183 204 226 249 275 299 
722,14
4 8 15 38 62 86 107 134 160 183 203 226 249 275 
723,14
4 8 17 39 62 85 105 133 159 182 204 226 250 275 
724,14
4 7 17 39 61 85 105 131 158 181 204 227 250 276 
725,14
4 8 16 39 62 85 105 131 158 182 204 227 250 275 
726,15
4 8 17 37 61 85 106 133 158 182 202 225 249 274 299 
727,14
4 8 17 39 62 85 107 133 160 183 204 228 250 275 
728,14
4 7 15 37 61 86 105 133 160 183 205 227 251 276 
729,14
4 8 17 39 62 86 108 134 159 183 204 226 251 276 
730,14
4 7 15 37 60 85 104 132 159 182 203 226 250 275 
731,14
4 7 16 38 60 84 105 132 159 182 204 225 249 275 
732,14
4 8 16 38 61 85 105 132 159 182 205 227 250 276 
733,14
4 7 16 37 61 86 108 133 159 183 203 226 249 275 
734,14
4 8 18 38 62 86 108 133 159 183 204 226 250 274 
735,14
4 7 16 39 61 86 105 132 159 182 204 226 249 275 
736,14
4 7 16 38 61 86 109 134 160 183 205 228 250 276 
737,14
4 8 16 38 61 86 107 134 159 182 203 226 250 275 
738,14
4 7 16 38 61 86 106 130 158 182 203 225 249 275 
739,14
4 7 15 37 61 85 107 133 159 183 205 228 251 277 
740,14
4 7 16 38 61 85 103 132 158 182 203 226 249 275 
741,15
4 7 17 39 60 85 107 132 159 183 204 227 250 275 299 
742,15
4 7 14 33 58 83 105 129 155 176 200 224 248 273 296 
743,14
4 8 16 39 62 86 108 134 160 183 204 224 248 275 
744,14
4 7 16 38 60 84 106 132 158 183 204 226 251 276 
745,14
4 7 17 37 61 86 110 134 160 183 206 228 251 276 
746,15
4 7 16 35 61 85 106 132 160 182 205 226 251 275 299 
747,15
4 7 16 38 62 87 107 133 159 183 205 228 251 275 299 
748,14
4 8 16 34 59 85 107 132 159 183 205 227 250 276 
749,14
4 8 16 39 61 86 107 133 160 183 205 227 251 276 
750,15
4 7 15 35 60 85 103 129 157 178 202 224 247 273 298 
751,15
4 7 15 34 60 84 105 131 158 182 203 224 249 274 299 
752,15
4 7 14 32 59 84 103 128 155 177 201 224 247 273 293 
753,14
4 7 16 31 59 83 104 129 157 181 203 226 250 274 
754,14
4 7 15 34 60 85 104 130 157 181 202 225 250 275 
755,14
4 7 16 38 61 85 105 130 157 181 204 227 250 275 
756,14
4 7 15 38 60 86 107 133 160 183 206 229 251 275 
757,15
4 8 15 32 58 84 105 128 154 174 197 223 246 272 288 
758,14
4 8 16 37 61 85 104 132 158 182 203 225 250 275 
759,14
4 7 16 34 60 86 105 132 159 182 205 228 251 276 
760,14
4 8 16 37 60 86 106 133 160 183 203 227 250 275 
761,15
4 7 15 36 60 85 104 129 156 178 201 225 248 274 299 
762,14
4 8 16 38 62 86 106 133 160 183 205 226 249 276 
763,14
4 8 17 38 62 86 107 133 161 183 206 228 251 275 
764,15
4 7 15 33 59 84 105 129 156 179 202 226 250 275 299 
765,15
4 7 16 36 60 85 104 131 158 181 203 226 248 274 299 
766,15
4 7 15 36 60 85 104 128 155 174 200 224 247 273 291 
767,14
4 8 17 39 61 86 107 134 160 183 203 226 250 275 
768,14
4 7 16 36 60 85 105 132 159 182 205 227 249 275 
769,15
4 7 15 34 59 83 104 129 156 178 201 224 247 274 298 
770,14
4 8 15 38 62 86 107 133 159 182 205 227 250 276 
771,14
4 7 16 38 61 86 106 132 158 182 204 226 249 275 
772,15
4 7 16 38 61 85 105 132 158 182 203 225 249 273 298 
773,15
4 7 15 31 59 83 103 128 155 175 198 223 247 273 287 
774,14
4 7 16 38 61 86 107 132 160 183 206 226 251 275 
775,14
4 7 16 34 59 85 105 133 159 183 204 227 251 276 
776,14
4 8 15 37 61 84 104 129 156 180 202 226 249 275 
777,14
4 8 17 38 61 85 105 133 160 183 205 228 250 276 
778,15
4 7 14 35 60 86 105 131 157 182 204 227 250 276 299 
779,14
4 8 16 39 60 85 108 133 161 183 204 226 250 274 
780,14
4 8 16 39 62 86 107 134 160 183 205 227 251 277 
781,15
4 7 16 35 61 85 105 130 157 182 202 225 249 274 299 
782,15
4 7 16 38 60 85 104 131 156 181 203 226 249 275 299 
783,14
4 7 15 36 60 85 106 132 159 182 203 227 249 275 
784,14
4 8 18 39 62 86 109 133 160 183 204 226 250 275 
785,14
4 7 16 38 60 85 105 132 159 182 204 226 250 275 
786,14
4 7 16 37 61 86 106 132 159 182 203 227 250 275 
787,14
4 7 17 39 62 86 106 133 159 182 203 227 250 275 
788,14
4 7 16 38 61 85 107 132 158 182 206 227 250 276 
789,14
4 8 16 37 62 86 105 133 158 182 204 226 250 276 
790,14
4 7 16 38 61 85 106 132 158 182 204 226 249 275 
791,14
4 7 17 38 61 86 109 133 159 183 205 227 250 274 
792,14
4 7 17 38 61 85 106 131 158 182 203 224 249 275 
793,14
4 7 15 38 60 85 106 132 158 182 205 225 249 276 
794,14
4 8 17 39 61 85 107 133 160 182 205 226 250 275 
795,15
4 7 16 38 61 85 103 131 157 180 203 225 249 274 299 
796,14
4 8 16 38 60 86 108 133 160 183 205 226 250 275 
797,15
4 7 16 37 61 84 104 131 158 182 203 226 250 275 299 
798,14
4 8 15 37 61 85 104 131 158 182 204 226 250 276 
799,15
4 8 16 38 60 85 103 130 156 180 203 225 248 275 299 
800,19
6 7 9 11 19 41 63 88 92 109 135 161 185 206 210 229 252 277 280 
801,19
6 7 9 11 18 41 63 88 108 135 161 164 185 206 229 252 254 277 282 
802,18
6 7 9 11 19 41 63 88 108 134 161 164 185 206 229 252 277 280 
803,18
6 7 9 11 19 41 63 88 108 134 161 164 185 206 229 252 254 277 
804,18
6 7 9 11 19 41 63 88 108 134 161 164 185 207 229 252 256 278 
805,18
6 7 9 11 19 41 63 88 108 134 161 164 185 206 229 252 254 277 
806,19
6 7 9 11 19 41 63 88 108 134 137 161 185 206 210 229 252 277 280 
807,19
6 7 9 11 19 41 63 87 90 109 135 161 164 185 206 229 252 254 277 
808,19
6 7 9 11 19 41 63 87 90 109 135 161 166 185 206 229 252 254 277 
809,18
6 7 9 11 19 41 63 88 108 134 139 161 185 206 229 252 254 277 
810,18
6 7 9 11 19 41 63 88 108 134 138 161 185 206 228 231 252 277 
811,19
6 7 9 11 19 41 63 88 108 134 138 161 185 206 229 252 254 277 281 
812,18
6 7 9 11 19 41 63 88 92 109 135 161 185 206 229 252 255 278 
813,18
6 7 9 11 19 41 63 88 108 134 161 164 185 206 228 252 254 277 
814,18
6 7 9 11 19 41 63 88 108 134 161 164 185 206 229 252 254 277 
815,18
6 7 9 11 19 41 63 88 108 134 137 161 185 206 229 252 254 277 
816,18
6 7 9 11 19 41 63 88 108 135 161 163 185 206 229 252 277 280 
817,20
6 7 9 11 19 41 63 88 92 109 135 161 164 185 206 229 252 254 277 280 
818,20
6 7 9 11 19 41 63 87 90 109 135 161 164 185 206 229 252 254 277 280 
819,18
6 7 9 11 18 41 63 88 108 135 161 164 185 206 229 252 254 277 
820,19
6 7 9 11 19 41 63 87 90 109 135 161 185 206 228 232 252 277 281 
821,18
6 7 9 11 19 41 63 88 108 134 161 164 185 206 229 252 254 277 
822,19
6 7 9 11 19 41 63 88 108 134 138 161 185 206 229 252 254 277 280 
823,19
6 7 9 11 19 41 63 88 108 134 139 161 185 206 228 233 252 277 281 
824,18
6 7 9 11 19 41 63 88 108 134 161 164 185 206 229 252 254 277 
825,19
6 7 9 11 19 41 63 88 108 134 138 161 185 206 229 252 254 277 280 
826,19
6 7 9 11 19 41 63 88 108 135 161 164 185 206 229 252 254 277 281 
827,19
6 7 9 11 19 41 63 87 90 109 135 161 185 206 228 231 252 277 281 
828,18
6 7 9 11 19 41 63 88 108 135 161 164 185 206 228 231 252 277 
829,19
6 7 9 11 19 41 63 88 108 135 161 164 185 206 229 252 255 277 281 
830,18
6 7 9 11 19 41 63 88 108 134 138 161 185 206 229 252 254 277 
831,19
6 7 9 11 19 41 63 87 90 109 135 161 185 206 228 231 252 277 280 
832,18
6 7 9 11 19 41 63 88 108 135 161 164 185 206 229 252 254 277 
833,19
6 7 9 11 19 41 63 87 90 109 135 161 165 185 206 229 252 254 277 
834,19
6 7 9 11 18 41 63 88 108 135 161 164 185 206 229 252 254 277 280 
835,18
6 7 9 11 19 41 63 88 108 134 161 164 185 207 229 252 254 277 
836,19
6 7 9 11 19 41 63 88 108 134 139 161 185 206 229 252 254 277 281 
837,19
6 7 9 11 19 41 63 87 90 109 135 161 164 185 207 229 252 254 277 
838,19
6 7 9 11 19 41 63 87 90 109 135 161 165 185 206 229 252 254 277 
839,18
6 7 9 11 19 41 63 88 108 135 161 164 185 206 228 252 254 277 
840,20
6 7 9 11 19 41 63 87 89 108 135 161 164 185 206 229 252 254 277 281 
841,19
6 7 9 11 19 41 63 88 92 109 135 161 185 206 209 229 252 277 280 
842,19
6 7 9 11 19 41 63 67 88 109 135 161 165 185 206 228 232 252 277 
843,19
6 7 9 11 19 41 63 88 108 135 161 163 185 206 229 233 252 277 280 
844,19
6 7 9 11 19 41 63 88 108 135 161 164 185 206 229 252 254 277 281 
845,19
6 7 9 11 19 41 63 87 90 109 135 161 167 185 206 229 252 254 277 
846,19
6 7 9 11 19 41 63 88 108 135 161 164 185 206 229 252 254 277 280 
847,19
6 7 9 11 19 41 63 88 92 109 135 161 164 185 206 229 252 254 278 
848,19
6 7 9 11 19 41 63 87 90 108 135 161 166 185 206 228 231 252 277 
849,18
6 7 9 11 19 41 63 88 108 134 138 161 185 206 229 252 254 277 
850,19
6 7 9 11 19 41 63 88 108 134 139 161 185 206 228 231 252 277 281 
851,19
6 7 9 11 19 41 63 87 90 109 135 161 185 206 228 231 252 277 280 
852,19
6 7 9 11 19 41 63 87 90 109 135 161 184 187 206 229 252 255 277 
853,19
6 7 9 11 19 41 63 88 92 109 135 161 164 185 207 229 252 277 280 
854,18
6 7 9 11 19 41 63 88 108 135 161 164 185 206 229 252 277 280 
855,19
6 7 9 11 19 41 63 88 108 134 139 161 185 206 228 231 252 277 280 
856,19
6 7 9 11 19 41 63 88 108 134 161 164 185 206 229 252 254 277 282 
857,19
6 7 9 11 19 41 63 88 93 109 135 161 185 189 207 229 252 277 280 
858,19
6 7 9 11 19 41 63 88 108 134 138 161 185 206 229 252 254 277 281 
859,19
6 7 9 11 19 41 63 88 108 134 161 164 185 206 228 232 252 277 281 
860,19
6 7 9 11 19 41 63 88 108 135 161 164 185 206 229 252 254 277 280 
861,18
6 7 9 11 19 41 63 88 92 109 135 161 185 206 229 252 277 280 
862,18
6 7 9 11 19 41 63 88 91 109 135 161 185 206 229 252 277 280 
863,19
6 7 9 11 19 41 63 87 90 109 135 161 165 185 206 229 252 277 280 
864,18
6 7 9 11 19 41 63 88 108 134 137 161 185 206 229 252 254 277 
865,19
6 7 9 11 19 41 63 87 90 109 135 161 164 185 206 229 252 254 277 
866,19
6 7 9 11 19 41 63 88 108 134 161 164 185 206 228 232 252 277 281 
867,19
6 7 9 11 19 41 63 88 108 135 161 164 185 206 229 252 254 277 281 
868,19
6 7 9 11 19 41 63 88 108 134 137 161 185 206 229 252 254 277 281 
869,18
6 7 9 11 19 41 63 88 108 134 137 161 185 206 229 252 254 278 
870,20
6 7 9 11 19 41 63 87 89 109 135 161 164 185 206 229 252 254 277 281 
871,18
6 7 9 11 19 41 63 88 108 134 161 165 185 206 229 252 254 277 
872,18
6 7 9 11 19 41 63 88 108 135 161 164 185 206 228 232 252 277 
873,18
6 7 9 11 19 41 63 88 108 134 161 164 185 206 229 252 254 277 
874,19
6 7 9 11 19 41 63 87 90 109 135 161 184 187 207 229 252 277 280 
875,19
6 7 9 11 19 41 63 88 91 109 135 161 164 185 206 229 252 254 278 
876,19
6 7 9 11 19 41 63 88 93 109 135 161 185 206 210 229 252 277 280 
877,18
6 7 9 11 19 41 63 88 108 134 161 164 185 207 229 252 277 280 
878,20
6 7 9 11 19 41 63 87 89 109 135 161 165 185 206 229 252 254 277 281 
879,19
6 7 9 11 19 41 63 88 108 135 161 163 185 206 229 252 254 277 280 
880,19
6 7 9 11 19 41 63 88 108 134 138 161 185 206 228 252 254 277 281 
881,18
6 7 9 11 19 41 63 88 108 135 161 164 185 206 229 252 254 277 
882,19
6 7 9 11 19 41 63 87 89 109 135 161 165 185 206 229 252 254 278 
883,19
6 7 9 11 19 41 63 88 91 109 135 161 164 185 206 229 252 277 280 
884,19
6 7 9 11 19 41 63 88 108 135 161 164 185 206 229 252 254 277 282 
885,18
6 7 9 11 19 41 63 88 108 135 161 164 185 206 229 252 254 277 
886,19
6 7 9 11 19 41 63 88 108 134 139 161 185 206 229 252 254 277 280 
887,19
6 7 9 11 19 41 63 88 108 134 139 161 185 206 211 229 252 277 281 
888,18
6 7 9 11 19 41 63 88 108 135 161 164 185 206 229 252 277 280 
889,19
6 7 9 11 19 41 63 87 90 109 135 161 185 206 228 232 252 277 283 
890,19
6 7 9 11 19 41 63 87 90 109 135 161 163 185 207 229 252 277 280 
891,19
6 7 10 12 19 41 63 88 91 109 135 161 185 189 207 229 252 255 278 
892,18
6 7 9 11 19 41 63 88 108 134 161 165 185 206 229 252 254 277 
893,20
6 7 9 11 19 41 63 87 90 109 135 161 164 185 206 229 252 254 277 281 
894,19
6 7 9 11 19 41 63 88 108 134 137 161 185 206 229 252 254 277 280 
895,19
6 7 9 11 19 41 63 87 90 109 135 161 164 185 206 229 252 254 277 
896,19
6 7 9 11 19 41 63 88 108 134 139 161 185 206 229 252 254 277 282 
897,18
6 7 9 11 19 41 63 88 108 135 161 164 185 206 229 252 254 277 
898,18
6 7 9 11 19 41 63 88 108 135 161 164 185 206 229 252 277 279 
899,20
6 7 9 11 19 41 63 87 90 109 135 161 165 185 206 229 252 254 277 281 
900,19
6 7 9 11 19 41 63 88 108 134 137 161 185 206 229 252 254 277 281 
901,19
6 7 9 11 18 41 63 88 108 134 139 161 185 206 228 232 252 277 282 
902,20
6 7 9 11 19 41 63 87 90 109 135 161 164 185 206 228 233 252 277 281 
903,19
6 7 9 11 19 41 63 88 108 135 161 164 185 206 229 252 254 277 281 
904,18
6 7 9 11 19 41 63 88 108 134 161 164 185 206 229 252 254 277 
905,18
6 7 9 11 19 41 63 88 93 109 135 161 185 206 229 252 277 280 
906,19
6 7 9 11 19 41 63 87 90 108 135 161 164 185 206 229 252 254 277 
907,19
6 7 9 11 19 41 63 88 108 134 138 161 185 206 228 231 252 277 282 
908,19
6 7 9 11 19 41 63 88 108 135 161 164 185 206 229 252 254 277 280 
909,18
6 7 9 11 19 41 63 88 108 134 161 164 185 206 229 252 254 277 
910,19
6 7 9 11 19 41 63 88 108 134 161 164 185 206 229 252 254 277 281 
911,19
6 7 9 11 19 41 63 87 90 109 135 161 184 188 206 229 252 254 277 
912,19
6 7 9 11 19 41 63 88 108 135 161 164 185 206 229 252 254 277 282 
913,19
6 7 9 11 19 41 63 88 108 135 161 163 185 206 229 252 254 277 281 
914,18
6 7 9 11 19 41 63 88 108 135 161 164 185 206 229 252 277 280 
915,18
6 7 9 11 19 41 63 88 108 134 138 161 185 206 228 252 254 277 
916,19
6 7 9 11 19 41 63 88 108 134 138 161 185 206 211 229 252 277 280 
917,18
6 7 9 11 19 41 63 88 108 135 161 164 185 206 229 252 277 279 
918,18
6 7 9 11 19 41 63 88 108 134 161 164 185 206 228 232 252 277 
919,19
6 7 9 11 19 41 63 88 92 109 135 161 164 185 206 229 252 254 278 
920,19
6 7 9 11 19 41 63 87 90 109 135 161 164 185 206 229 252 254 277 
921,18
6 7 9 11 19 41 63 88 108 134 161 164 185 206 229 252 254 277 
922,19
6 7 9 11 19 41 63 88 108 135 161 164 185 206 229 252 254 277 281 
923,19
6 7 9 11 19 41 63 87 90 109 135 161 185 206 210 229 252 277 281 
924,18
6 7 9 11 19 41 63 88 108 134 161 164 185 207 229 252 277 280 
925,19
6 7 9 11 19 41 63 88 108 134 138 161 185 206 229 252 254 277 281 
926,19
6 7 9 11 19 41 63 88 108 134 161 164 185 206 229 252 254 277 281 
927,18
6 7 9 11 19 41 63 88 108 134 161 165 185 206 229 252 254 277 
928,19
6 7 9 11 19 41 63 88 108 135 161 163 185 206 229 252 254 277 284 
929,20
6 7 9 11 19 41 63 87 90 109 135 161 165 185 206 229 252 255 277 281 
930,18
6 7 9 11 19 41 63 88 108 135 161 163 185 206 229 252 254 278 
931,18
6 7 9 11 19 41 63 88 108 134 161 165 185 206 229 252 254 277 
932,18
6 7 9 11 19 41 63 88 108 134 161 164 185 206 229 252 254 277 
933,18
6 7 9 12 18 41 63 88 108 135 161 164 185 206 229 252 254 277 
934,18
6 7 9 11 19 41 63 88 108 134 161 164 185 206 229 252 277 280 
935,20
6 7 9 11 19 41 63 88 96 109 135 161 165 185 206 229 252 254 277 281 
936,20
6 7 9 11 19 41 63 66 88 108 135 161 164 185 206 229 252 254 277 281 
937,18
6 7 9 11 19 41 63 88 108 135 161 164 185 206 229 252 254 277 
938,19
6 7 9 11 19 41 63 88 108 134 161 164 185 206 229 252 254 277 281 
939,19
6 7 9 11 19 41 63 88 108 135 161 164 185 206 228 233 252 277 280 
940,18
6 7 9 11 19 41 63 88 108 135 161 164 185 206 229 252 254 277 
941,18
6 7 9 11 19 41 63 88 108 135 161 163 185 206 229 252 254 277 
942,18
6 7 9 11 19 41 63 88 108 134 161 164 185 206 229 252 254 277 
943,18
6 7 9 11 19 41 63 87 90 109 135 161 185 206 228 232 252 277 
944,19
6 7 9 11 19 41 63 88 108 134 138 161 185 206 228 232 252 277 281 
945,19
6 7 9 11 19 41 63 88 92 109 135 161 164 185 206 229 252 277 282 
946,19
6 7 9 11 19 41 63 87 90 109 135 161 164 185 206 229 252 254 277 
947,19
6 7 9 11 19 41 63 88 108 134 138 161 185 206 212 229 252 277 280 
948,19
6 7 9 11 19 41 63 88 92 109 135 161 164 185 206 229 252 254 278 
949,19
6 7 9 11 19 41 63 88 108 135 161 164 185 206 229 252 254 277 280 
950,18
6 7 9 11 19 41 63 88 108 135 161 164 185 206 229 252 277 280 
951,18
6 7 9 11 18 41 63 88 108 135 161 164 185 206 229 252 254 277 
952,18
6 7 9 11 19 41 63 88 108 135 161 163 185 206 229 252 277 281 
953,19
6 7 9 11 19 41 63 88 108 134 161 164 185 206 229 252 254 277 281 
954,19
6 7 9 11 19 41 63 88 108 134 161 164 185 206 229 252 254 277 283 
955,18
6 7 9 11 18 41 63 88 108 135 161 164 185 206 229 252 254 277 
956,18
6 7 9 11 19 41 63 88 108 134 138 161 185 206 229 252 254 277 
957,19
6 7 9 11 19 41 63 87 90 109 135 161 165 185 207 229 252 254 277 
958,19
6 7 9 11 19 41 63 88 93 109 135 161 164 185 206 229 252 254 278 
959,19
6 7 9 11 19 41 63 88 108 135 161 164 185 206 229 252 254 277 281 
960,19
6 7 9 11 19 41 63 88 91 109 135 161 164 185 206 229 252 277 280 
961,18
6 7 9 11 19 41 63 88 108 135 161 163 185 206 229 252 254 277 
962,19
6 7 9 11 18 41 63 66 88 108 135 161 164 185 206 228 232 252 277 
963,18
6 7 9 11 19 41 63 88 108 134 161 164 185 206 229 252 254 277 
964,19
6 7 9 11 19 41 63 88 92 109 135 161 185 189 207 229 252 277 280 
965,19
6 7 9 11 19 41 63 87 90 109 135 161 164 185 206 229 252 277 280 
966,19
6 7 9 11 19 41 63 67 88 109 135 161 164 185 207 229 252 255 278 
967,19
6 7 9 11 19 41 63 88 91 109 135 161 164 185 206 229 252 254 278 
968,19
6 7 9 11 19 41 63 87 90 109 135 161 184 187 206 229 252 255 277 
969,18
6 7 9 11 19 41 63 88 108 134 137 161 185 206 228 232 252 277 
970,19
6 7 9 11 18 41 63 87 90 109 135 161 185 206 210 229 252 277 282 
971,19
6 7 9 11 19 41 63 88 108 134 137 161 185 206 228 232 252 277 280 
972,19
6 7 9 11 18 41 63 87 90 109 135 161 166 185 206 229 252 254 278 
973,19
6 7 9 11 19 41 63 88 108 134 138 161 185 206 229 252 254 277 281 
974,19
6 7 9 11 19 41 63 88 91 109 135 161 164 185 207 229 252 277 280 
975,19
6 7 9 11 18 41 63 87 90 109 135 161 185 206 228 231 252 277 281 
976,19
6 7 9 11 18 41 63 88 108 134 137 161 185 206 229 252 254 277 281 
977,18
6 7 9 11 19 41 63 88 108 135 161 164 185 206 229 252 277 279 
978,19
6 7 9 11 19 41 63 87 89 109 135 161 165 185 206 229 252 254 277 
979,19
6 7 9 11 19 41 63 88 108 134 161 164 185 206 228 232 252 277 281 
980,18
6 7 9 11 19 41 63 88 108 134 161 164 185 206 229 252 254 277 
981,19
6 7 9 11 19 41 63 88 108 134 138 161 185 206 228 232 252 277 281 
982,18
6 7 9 11 19 41 63 88 108 134 161 165 185 206 229 252 254 277 
983,18
6 7 9 11 19 41 63 88 108 135 161 163 185 206 229 252 277 280 
984,19
6 7 9 11 19 41 63 88 108 134 139 161 185 206 229 252 254 277 281 
985,19
6 7 9 11 19 41 63 88 93 109 135 161 185 206 209 229 252 277 279 
986,19
6 7 9 11 19 41 63 87 90 109 135 161 185 206 228 232 252 277 280 
987,19
6 7 9 11 19 41 63 88 108 134 141 161 185 206 228 252 254 277 281 
988,19
6 7 9 11 19 41 63 66 88 108 134 161 164 185 206 229 252 254 277 
989,18
6 7 9 11 19 41 63 88 108 134 138 161 185 206 229 252 254 277 
990,18
6 7 9 11 19 41 63 88 108 134 140 161 185 206 229 252 254 277 
991,19
6 7 9 11 19 41 63 87 90 109 135 161 185 206 228 231 252 277 280 
992,19
6 7 9 11 19 41 63 88 108 134 138 161 185 206 228 231 252 277 281 
993,19
6 7 9 11 19 41 63 88 91 109 135 161 164 185 206 229 252 261 278 
994,19
6 7 9 11 19 41 63 88 108 134 139 161 185 206 229 252 254 277 280 
995,19
6 7 9 11 19 41 63 88 108 135 161 169 185 206 229 252 254 277 281 
996,19
6 7 9 11 19 41 63 87 90 109 135 161 164 185 206 229 252 277 280 
997,18
6 7 9 11 19 41 63 88 108 135 161 164 185 206 229 252 254 278 
998,19
6 7 9 11 19 41 63 87 90 108 135 161 185 206 228 231 252 277 280 
999,18
6 7 9 11 19 41 63 88 108 135 161 163 185 207 229 252 277 280 
