0 0
8 0
13 0
33 0
45 0
47 0
50 0
53 0
57 0
64 0
67 0
75 0
80 0
96 0
105 0
121 0
127 0
130 0
132 0
144 0
150 0
176 0
185 0
187 0
191 0
212 0
224 0
225 0
232 0
244 0
248 0
251 0
253 0
258 0
276 0
277 0
284 0
0 0
8 0
13 0
33 0
45 0
47 0
50 0
53 0
57 0
64 0
67 0
75 0
80 0
96 0
105 0
121 0
127 0
130 0
132 0
144 0
150 0
176 0
185 0
187 0
191 0
212 0
224 0
225 0
232 0
244 0
248 0
251 0
253 0
258 0
276 0
277 0
284 0
0 1
25 1
38 1
42 1
46 1
58 1
68 1
88 1
92 1
95 1
111 1
121 1
141 1
142 1
144 1
147 1
157 1
191 1
192 1
198 1
204 1
214 1
215 1
224 1
225 1
234 1
249 1
251 1
253 1
260 1
269 1
274 1
281 1
296 1
0 1
25 1
38 1
42 1
46 1
58 1
68 1
88 1
92 1
95 1
111 1
121 1
141 1
142 1
144 1
147 1
157 1
191 1
192 1
198 1
204 1
214 1
215 1
224 1
225 1
234 1
249 1
251 1
253 1
260 1
269 1
274 1
281 1
296 1
4 2
7 2
17 2
35 2
61 2
86 2
104 2
130 2
158 2
181 2
204 2
227 2
250 2
275 2
4 2
7 2
17 2
35 2
61 2
86 2
104 2
130 2
158 2
181 2
204 2
227 2
250 2
275 2
