0 0
8 0
13 0
33 0
45 0
47 0
50 0
53 0
57 0
64 0
67 0
75 0
80 0
96 0
105 0
121 0
127 0
130 0
132 0
144 0
150 0
176 0
185 0
187 0
191 0
212 0
224 0
225 0
232 0
244 0
248 0
251 0
253 0
258 0
276 0
277 0
284 0
0 0
8 0
13 0
33 0
45 0
47 0
50 0
53 0
57 0
64 0
67 0
75 0
80 0
96 0
105 0
121 0
127 0
130 0
132 0
144 0
150 0
176 0
185 0
187 0
191 0
212 0
224 0
225 0
232 0
244 0
248 0
251 0
253 0
258 0
276 0
277 0
284 0
25 1
40 1
45 1
56 1
60 1
88 1
89 1
112 1
116 1
118 1
157 1
168 1
170 1
173 1
198 1
217 1
241 1
262 1
267 1
268 1
294 1
25 1
40 1
45 1
56 1
60 1
88 1
89 1
112 1
116 1
118 1
157 1
168 1
170 1
173 1
198 1
217 1
241 1
262 1
267 1
268 1
294 1
3 2
12 2
17 2
27 2
53 2
61 2
84 2
106 2
123 2
136 2
177 2
181 2
183 2
185 2
213 2
231 2
237 2
257 2
265 2
272 2
279 2
288 2
3 2
12 2
17 2
27 2
53 2
61 2
84 2
106 2
123 2
136 2
177 2
181 2
183 2
185 2
213 2
231 2
237 2
257 2
265 2
272 2
279 2
288 2
11 3
14 3
17 3
65 3
76 3
85 3
104 3
110 3
134 3
153 3
161 3
197 3
199 3
200 3
227 3
231 3
237 3
239 3
244 3
267 3
296 3
11 3
14 3
17 3
65 3
76 3
85 3
104 3
110 3
134 3
153 3
161 3
197 3
199 3
200 3
227 3
231 3
237 3
239 3
244 3
267 3
296 3
