4 0
7 0
16 0
37 0
61 0
85 0
106 0
132 0
159 0
183 0
205 0
226 0
250 0
275 0
4 0
7 0
16 0
37 0
61 0
85 0
106 0
132 0
159 0
183 0
205 0
226 0
250 0
275 0
4 1
7 1
16 1
34 1
59 1
84 1
105 1
132 1
157 1
181 1
202 1
226 1
250 1
275 1
4 1
7 1
16 1
34 1
59 1
84 1
105 1
132 1
157 1
181 1
202 1
226 1
250 1
275 1
4 2
7 2
16 2
38 2
60 2
85 2
107 2
132 2
159 2
183 2
203 2
225 2
249 2
275 2
299 2
4 2
7 2
16 2
38 2
60 2
85 2
107 2
132 2
159 2
183 2
203 2
225 2
249 2
275 2
299 2
4 3
7 3
16 3
33 3
60 3
83 3
103 3
128 3
156 3
177 3
201 3
224 3
249 3
273 3
299 3
4 3
7 3
16 3
33 3
60 3
83 3
103 3
128 3
156 3
177 3
201 3
224 3
249 3
273 3
299 3
4 4
7 4
16 4
35 4
60 4
85 4
107 4
133 4
159 4
182 4
204 4
227 4
250 4
275 4
4 4
7 4
16 4
35 4
60 4
85 4
107 4
133 4
159 4
182 4
204 4
227 4
250 4
275 4
4 5
7 5
17 5
38 5
61 5
86 5
105 5
132 5
158 5
182 5
205 5
226 5
249 5
275 5
4 5
7 5
17 5
38 5
61 5
86 5
105 5
132 5
158 5
182 5
205 5
226 5
249 5
275 5
4 6
7 6
16 6
38 6
63 6
87 6
110 6
134 6
160 6
183 6
205 6
228 6
251 6
277 6
4 6
7 6
16 6
38 6
63 6
87 6
110 6
134 6
160 6
183 6
205 6
228 6
251 6
277 6
4 7
7 7
15 7
32 7
59 7
83 7
104 7
130 7
155 7
177 7
202 7
225 7
249 7
275 7
4 7
7 7
15 7
32 7
59 7
83 7
104 7
130 7
155 7
177 7
202 7
225 7
249 7
275 7
